0.7318435754189943
0.25139664804469286
0.016759776536312887
0.4636871508379887
0.2513966480446931
0.2849162011173182
0.19553072625698328
0.4776536312849162
0.32681564245810046
0.11731843575418982
0.07821229050279332
0.25139664804469264
0.5530726256983243
0.1955307262569833
0.25139664804469264
0.21787709497206698
0.335195530726257
0.7318435754189943
0.2513966480446928
0.016759776536312943
0.26815642458100564
0.7318435754189944
0.22625698324022336
0.3100558659217879
0.4636871508379887
0.5363128491620112
0.13407821229050237
0.32960893854748635
0.20111731843575426
0.335195530726257
0.46368715083798867
0.463687150837989
0.25139664804469286
0.2849162011173182
0.7318435754189944
0.26815642458100564
0.22625698324022342
0.04189944134078233
0.7318435754189943
0.26815642458100575
0.402234636871508
0.32960893854748624
0.26815642458100575
0.0670391061452511
0.6648044692737431
0.4776536312849162
0.19553072625698328
0.32681564245810046
0.22625698324022303
0.46368715083798906
0.3100558659217879
0.22625698324022345
0.7318435754189943
0.0418994413407823
0.2262569832402235
0.4441340782122907
0.32960893854748585
0.22625698324022359
0.1089385474860336
0.6648044692737428
0.553072625698324
0.11731843575418982
0.13407821229050282
0.19553072625698328
0.5363128491620113
0.13407821229050237
0.32960893854748635
0.26815642458100575
0.402234636871508
0.32960893854748624
0.2262569832402236
0.4441340782122905
0.3296089385474859
0.3351955307262569
0.6648044692737431
0.25139664804469264
0.19553072625698353
0.21787709497206675
0.3351955307262571
0.2011173184357542
0.4636871508379887
0.3351955307262571
0.08379888268156455
0.5810055865921784
0.1843575418994412
0.15083798882681587
0.664804469273743
0.2262569832402234
0.10893854748603363
0.3351955307262569
0.6648044692737431
