0.4207
0.3871
0.3319
0.2702
0.2833
0.2379
0.2253
0.2141
0.2266
0.2274
0.1987
0.1909
0.2046
0.2141
0.2117
0.1899
0.1913
0.1935
0.1931
0.1996
0.2063
0.1907
0.1826
0.1725
0.1688
0.1711
0.1606
0.1615
0.1573
0.1555
0.1544
0.1549
0.1497
0.1547
0.1594
0.1518
0.1506
0.1494
0.1478
0.1393
0.1366
0.134
0.1358
0.1333
0.1257
0.128
0.1294
0.1223
0.1047
0.1076
0.1085
0.1079
0.1106
0.1038
0.1036
0.1011
0.1006
0.0992
0.1035
0.1031
0.1031
0.1058
0.1023
0.1035
0.1021
0.0982
0.0988
0.0993
0.098
0.0976
0.0988
0.0979
0.0993
0.1
0.1117
0.1027
0.0981
0.1038
0.1104
0.1025
0.1009
0.0999
0.0965
0.098
0.1052
0.1089
0.1197
0.1204
0.1294
0.1241
0.1307
0.1373
0.1427
0.1435
0.152
0.1699
0.1745
0.1812
0.1955
0.2022
0.2096
0.2302
0.2463
0.293
0.3334
0.4015
0.394
0.3736
0.3697
0.3518
0.365
0.4373
0.4528
0.5047
0.5063
0.5121
0.5571
0.522
0.5411
0.5837
0.5577
0.5546
0.5752
0.5713
0.5814
0.5926
0.5965
0.5911
0.6403
0.6497
0.6205
0.7153
0.678
0.63
0.6567
0.6455
0.6467
0.6471
0.6174
0.6188
0.5761
0.5878
0.5972
0.6217
0.6281
0.6416
0.664
0.6671
0.647
0.6377
0.6772
0.6631
0.7202
0.7473
0.7205
0.7108
0.7145
0.7101
0.6702
0.6842
0.6545
0.6706
0.6952
0.7327
0.7707
0.7586
0.7496
0.7276
0.7198
0.7314
0.6923
0.6768
0.6879
0.6906
0.6896
0.6471
0.6652
0.7106
0.7388
0.7061
0.6945
0.7422
0.6956
0.7343
0.7446
0.7207
0.698
0.7026
0.7009
0.7368
0.7616
0.753
0.7061
0.727
0.7392
0.7731
0.7771
0.7878
0.8096
0.7623
0.76
0.7851
0.7476
0.7582
0.745
0.7833
0.7965
0.7751
0.8021
0.7686
0.7535
0.735
0.731
0.7373
0.7523
0.7497
0.7636
0.773
0.737
0.7433
0.8166
0.8089
0.8011
0.8053
0.8579
0.8286
0.8491
0.8659
0.8061
0.7986
0.8444
0.8321
0.8681
0.9229
0.9678
1.0009
0.9394
0.9354
0.8998
0.8964
0.8725
0.8953
0.8851
0.8963
0.8944
0.9032
0.8525
0.8843
0.8658
0.882
0.8764
0.9441
0.9521
0.8822
0.8697
0.8746
0.8966
0.8808
0.9065
0.8621
0.8541
0.8719
0.8452
0.8382
0.8455
0.8261
0.7957
0.7969
0.8137
0.8122
0.7909
0.7956
0.8241
0.7759
0.8074
0.7754
0.6856
0.688
0.6518
0.6372
0.6301
0.6094
0.5931
0.5689
0.5252
0.5649
0.5088
0.4882
0.4198
0.3809
0.3425
0.3384
0.3497
0.349
0.3109
0.3076
0.2727
0.2752
0.2506
0.2385
0.2338
0.2287
0.2061
0.1886
0.198
0.18
0.1814
0.185
0.1778
0.1884
0.184
0.1663
0.1765
0.1766
0.1569
0.1406
0.1453
0.1366
0.1503
0.1406
0.1378
0.1488
0.1369
0.1291
0.1278
0.125
0.1212
0.1243
0.1297
0.1302
0.1242
0.1132
0.1044
0.0973
0.1008
0.1005
0.0989
0.103
0.1007
0.0973
0.0973
0.0927
0.0892
0.0862
0.0866
0.0908
0.0898
0.0901
0.0881
0.0862
0.0864
0.0853
0.0863
0.0819
0.085
0.0816
0.0831
0.0855
0.0929
0.0907
0.0954
0.0981
0.0918
0.0888
0.0929
0.0886
0.0887
0.0926
0.0952
0.0976
0.099
0.1036
0.1124
0.115
0.1113
0.1089
0.0998
0.1048
0.1088
0.135
0.1395
0.1474
0.1621
0.1642
0.197
0.2103
0.2162
0.2258
0.2358
0.2537
0.2501
0.2718
0.3089
0.3112
0.3308
0.3449
0.3659
0.3961
0.4596
0.4749
0.5061
0.5121
0.5028
0.5512
0.5657
0.5625
0.6246
0.6504
0.6499
0.6525
0.6286
0.5645
0.5472
0.5543
0.5366
0.5754
0.6771
0.6398
0.607
0.6028
0.6112
0.6216
0.6686
0.6415
0.5944
0.6162
0.5757
0.5807
0.579
0.5577
0.5726
0.5963
0.5794
0.5618
0.6015
0.6421
0.6673
0.6445
0.6226
0.6468
0.6631
0.674
0.6716
0.712
0.7026
0.6635
0.7056
0.7088
0.6854
0.7012
0.7089
0.7176
0.6783
0.6694
0.64
0.6739
0.6755
0.6495
0.66
0.6746
0.6284
0.6738
0.7061
0.728
0.6903
0.6753
0.6888
0.7228
0.6962
0.6481
0.65
0.6911
0.6502
0.688
0.6991
0.6419
0.6417
0.6627
0.6748
0.6668
0.6652
0.6594
0.6892
0.8073
0.7658
0.7932
0.7915
0.7504
0.7351
0.7584
0.7811
0.7786
0.7888
0.7973
0.7183
0.6578
0.6652
0.6612
0.6848
0.7209
0.7024
0.7074
0.7162
0.6983
0.7195
0.7133
0.682
0.6843
0.7279
0.7272
0.8081
0.7919
0.8527
0.828
0.8428
0.8497
0.8774
0.8154
0.8321
0.8268
0.8259
0.8363
0.8427
0.8498
0.8595
0.8846
0.8593
0.8783
0.897
0.9339
0.922
0.9313
0.9745
0.968
0.9309
0.922
0.8507
0.8669
0.9142
0.8766
0.8619
0.8689
0.886
0.8853
0.8806
0.9261
0.8977
0.8959
0.911
0.9053
0.9179
0.9019
0.8816
0.9007
0.9591
0.9226
0.9079
0.9157
0.865
0.8519
0.8866
0.8686
0.8585
0.8463
0.9046
0.8834
0.8224
0.8359
0.8347
0.8443
0.803
0.7645
0.7491
0.6983
0.6708
0.63
0.6114
0.603
0.5473
0.5265
0.4544
0.4186
0.3753
0.3423
0.3433
0.3284
0.362
0.3575
0.3246
0.3027
0.2992
0.2874
0.2649
0.2637
0.2733
0.2467
0.2604
0.2589
0.2564
0.2555
0.219
0.2046
0.1936
0.1896
0.1872
0.1842
0.1784
0.1766
0.1821
0.176
0.1861
0.1739
0.1645
0.1391
0.1405
0.1292
0.1307
0.1347
0.1309
0.1214
0.1319
0.1236
0.1316
0.1508
0.1595
0.1835
0.1613
0.1651
0.1747
0.1548
0.1394
0.1332
0.1375
0.1533
0.1374
0.141
0.1422
0.147
0.1429
0.1436
0.1477
0.1429
0.1506
0.1451
0.1436
0.1411
0.1398
0.1455
0.1497
0.1396
0.1438
0.1416
0.1426
0.1361
0.1372
0.1355
0.1418
0.1375
0.1404
0.1404
0.1364
0.1201
0.1109
0.114
0.1258
0.122
0.1204
0.1242
0.1386
0.1469
0.1785
0.1862
0.179
0.1745
0.19
0.1959
0.217
0.2465
0.2462
0.2449
0.2658
0.2642
0.2923
0.2708
0.2769
0.3038
0.3237
0.3621
0.3698
0.4007
0.4351
0.4423
0.4802
0.4427
0.4919
0.5173
0.5545
0.5768
0.5303
0.5351
0.5504
0.5559
0.5891
0.5688
0.603
0.6813
0.7121
0.6909
0.687
0.6634
0.7365
0.7255
0.6952
0.7407
0.719
0.7123
0.7264
0.7744
0.7754
0.7641
0.7501
0.7644
0.777
0.7847
0.7996
0.8411
0.8327
0.8082
0.8172
0.8637
0.8407
0.8236
0.8202
0.7987
0.7643
0.7735
0.7537
0.7696
0.7897
0.8087
0.7872
0.7301
0.716
0.7099
0.6826
0.7026
0.7001
0.7092
0.6737
0.6938
0.7062
0.6901
0.6991
0.7467
0.7624
0.6813
0.6721
0.731
0.7583
0.7663
0.7889
0.8098
0.8609
0.875
0.8883
0.9308
0.9359
0.9854
0.9438
0.993
1.0528
1.0915
1.1098
1.126
1.194
1.0595
0.9701
0.9668
1.105
1.3274
1.3823
1.4108
1.4362
1.4314
1.4231
1.4123
1.2586
1.1519
1.1735
1.2102
1.3031
1.3623
1.3985
1.4096
1.438
1.287
1.243
1.2104
1.0661
1.0517
0.979
0.9371
0.918
0.8453
0.8802
0.918
0.9188
0.9489
0.9945
1.0067
1.0069
0.9984
1.0464
1.052
1.007
1.0623
1.0479
1.0415
1.0775
1.1103
1.1136
1.0587
1.0665
1.0623
1.1082
1.1118
1.1023
1.0943
1.1213
1.1387
1.1339
1.1252
1.166
1.2182
1.2179
1.1584
1.1432
1.176
1.1811
1.1647
1.1241
1.0943
1.0932
1.0807
1.0871
1.1422
1.1519
1.1378
1.0997
1.0599
1.1477
1.1581
1.1115
1.1342
1.0614
1.0456
1.0859
1.092
1.0301
0.9882
0.9427
0.8928
0.8407
0.8026
0.7914
0.7583
0.7255
0.717
0.6742
0.6682
0.6665
0.6732
0.6687
0.6655
0.6327
0.5823
0.5572
0.5371
0.5176
0.5109
0.4873
0.4727
0.4755
0.4568
0.4372
0.431
0.4169
0.3994
0.3808
0.3877
0.3788
0.3618
0.3856
0.3795
0.3681
0.347
0.3321
0.3151
0.3205
0.2999
0.2869
0.2649
0.2589
0.2745
0.2633
0.2426
0.2376
0.2331
0.2161
0.2142
0.2054
0.2054
0.1968
0.1996
0.199
0.1956
0.2001
0.1955
0.186
0.1889
0.1831
0.1775
0.1741
0.1722
0.1677
0.1789
0.1648
0.178
0.1673
0.1703
0.1487
0.1498
0.1431
0.1407
0.1429
0.1345
0.1423
0.1457
0.1462
0.1536
0.153
0.1501
0.1609
0.1418
0.127
0.128
0.13
0.1309
0.1367
0.1359
0.1337
0.1395
0.1495
0.1481
0.1366
0.1335
0.1333
0.1539
0.1456
0.1471
0.1557
0.1471
0.1531
0.1443
0.1725
0.1934
0.199
0.208
0.2144
0.2003
0.2
0.2245
0.2717
0.2813
0.3073
0.3229
0.3415
0.3984
0.3978
0.4163
0.4335
0.4717
0.4722
0.5193
0.5309
0.5526
0.6127
0.7191
0.7841
0.7859
0.8011
0.7556
0.7551
0.7807
0.8234
0.84
0.8676
0.8776
0.831
0.866
0.8313
0.8376
0.881
0.8608
0.8736
0.9123
0.9059
0.9177
0.9441
0.9466
0.9345
0.9838
0.9749
1.0027
0.9945
0.9707
1.0131
1.0662
1.0415
1.095
1.0851
1.0559
1.0068
0.9649
0.9968
1.0018
1.0797
1.0903
1.0821
1.0738
1.1073
1.1028
1.0322
1.0449
1.0505
1.0785
1.0213
1.0063
1.0244
1.0518
1.0473
1.0129
1.0318
1.0502
1.0616
0.9946
0.9803
0.9994
1.0175
1.0413
1.0259
1.0426
1.0533
1.0593
1.0589
1.0772
1.0528
1.0307
1.0759
1.0161
1.016
0.9986
0.9829
0.972
0.9348
0.9296
0.9396
0.9275
0.9835
0.9388
0.9403
0.9829
1.0042
0.9951
1.005
1.046
1.0155
0.9964
0.9911
0.9527
0.9083
0.9283
0.8964
0.9496
0.9321
0.9697
1.034
0.9983
1.0012
1.016
1.0367
1.1062
1.1132
1.1036
1.0836
1.0236
1.0808
1.0971
1.0761
1.099
1.1095
1.0926
1.1
1.0982
1.1107
1.1119
1.1033
1.0792
1.1026
1.0794
1.0843
1.0835
1.0934
1.1098
1.1045
1.129
1.1537
1.2167
1.2175
1.203
1.1824
1.1512
1.1666
1.1674
1.1986
1.2204
1.2011
1.2011
1.193
1.1672
1.1539
1.1484
1.0966
1.105
1.0491
0.9956
0.9928
0.9982
0.9834
1.032
0.9273
0.9119
0.8941
0.9104
0.9222
0.9006
0.8446
0.814
0.777
0.7145
0.7064
0.6697
0.6305
0.5902
0.5359
0.4789
0.4522
0.4306
0.3992
0.3706
0.3529
0.3446
0.3089
0.2904
0.274
0.2711
0.2821
0.2584
0.2225
0.2112
0.2054
0.2148
0.1932
0.1812
0.1674
0.1597
0.152
0.1484
0.1465
0.1432
0.1638
0.1275
0.1259
0.1168
0.1146
0.108
0.1057
0.1066
0.1067
0.1083
0.1093
0.1051
0.105
0.1253
0.1196
0.0976
0.1106
0.0936
0.0963
0.0967
0.089
0.092
0.0939
0.0995
0.0998
0.0913
0.0995
0.099
0.0988
0.0989
0.1063
0.1049
0.1017
0.1082
0.1002
0.0992
0.0985
0.0957
0.0956
0.0954
0.0908
0.0883
0.0853
0.0821
0.087
0.0863
0.0858
0.0886
0.0853
0.0902
0.088
0.0896
0.0862
0.0825
0.0844
0.0876
0.0885
0.0912
0.0912
0.0893
0.0951
0.1007
0.0955
0.1028
0.102
0.1102
0.1186
0.1255
0.1395
0.1471
0.134
0.156
0.1694
0.2001
0.2108
0.2607
0.2966
0.3348
0.4055
0.4431
0.4684
0.4399
0.4725
0.4764
0.5229
0.5031
0.4941
0.4949
0.5576
0.5933
0.5656
0.5602
0.5389
0.537
0.6166
0.6309
0.6403
0.6404
0.6409
0.6271
0.6085
0.6439
0.6392
0.6325
0.6622
0.6716
0.6562
0.6453
0.6501
0.6331
0.6767
0.6799
0.6507
0.632
0.6772
0.63
0.6308
0.6396
0.673
0.6834
0.7035
0.7
0.7128
0.674
0.6775
0.7125
0.7191
0.6958
0.7112
0.7048
0.723
0.6782
0.677
0.6827
0.6571
0.6625
0.6473
0.6135
0.5908
0.5803
0.6279
0.6068
0.5716
0.5869
0.6162
0.6595
0.6341
0.6019
0.6086
0.6188
0.6521
0.6361
0.6169
0.6364
0.6143
0.6194
0.665
0.6398
0.6466
0.6791
0.6754
0.69
0.6838
0.7049
0.6589
0.6898
0.7044
0.7423
0.673
0.6742
0.7054
0.7449
0.6745
0.6474
0.7091
0.7507
0.7251
0.7456
0.7324
0.7411
0.7298
0.7585
0.7828
0.7279
0.6996
0.7427
0.7775
0.7348
0.7565
0.7785
0.7733
0.7713
0.7792
0.8391
0.8677
0.8725
0.8949
0.879
0.8713
0.8831
0.9128
0.8904
0.8855
0.9107
0.9156
0.8984
0.8836
0.9091
0.9706
0.9051
0.8409
0.8815
0.893
0.8666
0.885
0.8956
0.8584
0.8426
0.8742
0.8463
0.8675
0.8578
0.8331
0.8363
0.8396
0.8657
0.8473
0.8507
0.88
0.9082
0.8257
0.8153
0.8767
0.911
0.8415
0.8227
0.8429
0.8017
0.7868
0.817
0.8308
0.7454
0.7501
0.7225
0.7187
0.6889
0.6912
0.7148
0.7014
0.6704
0.7005
0.6351
0.6543
0.6037
0.6173
0.5662
0.524
0.4738
0.4649
0.4562
0.4081
0.3731
0.3664
0.3389
0.3266
0.2788
0.2635
0.2524
0.244
0.2307
0.281
0.2358
0.2201
0.2074
0.2041
0.2065
0.2151
0.2178
0.2153
0.2024
0.2016
0.2121
0.1952
0.1966
0.1872
0.1789
0.1619
0.1466
0.1492
0.1494
0.148
0.1422
0.1375
0.1347
0.1279
0.1272
0.1254
0.1193
0.1231
0.1177
0.1192
0.1328
0.1348
0.1222
0.1155
0.1084
0.111
0.1066
0.1043
0.1029
0.1033
0.0975
0.0958
0.0893
0.0909
0.0875
0.0856
0.0902
0.0915
0.0907
0.0897
0.0867
0.0884
0.085
0.0864
0.0882
0.0827
0.0812
0.0793
0.0927
0.0922
0.0889
0.087
0.0891
0.1036
0.0941
0.1027
0.0949
0.0917
0.091
0.0897
0.0894
0.0947
0.0882
0.0856
0.0919
0.0897
0.0917
0.0945
0.0948
0.1172
0.1174
0.1145
0.1081
0.1134
0.1184
0.1309
0.1374
0.1581
0.1633
0.1658
0.1612
0.1879
0.2097
0.2252
0.2371
0.254
0.2754
0.3093
0.3496
0.3823
0.3521
0.3882
0.3971
0.4085
0.4366
0.43
0.4447
0.4311
0.4838
0.4821
0.4972
0.4763
0.4935
0.4908
0.5116
0.4946
0.4979
0.4929
0.5733
0.5915
0.5619
0.6149
0.664
0.6332
0.5879
0.601
0.6143
0.6114
0.5853
0.571
0.5553
0.5475
0.5596
0.5644
0.571
0.5906
0.6083
0.6419
0.6338
0.6687
0.6567
0.6591
0.6708
0.6802
0.6483
0.6842
0.6262
0.6822
0.638
0.6477
0.6637
0.7007
0.6862
0.6581
0.6447
0.6265
0.6232
0.643
0.6748
0.635
0.5943
0.6297
0.6149
0.6182
0.6222
0.6403
0.6208
0.6134
0.6303
0.5974
0.5898
0.5926
0.5952
0.625
0.6618
0.7239
0.6834
0.666
0.6559
0.6335
0.6312
0.6405
0.6621
0.7036
0.7467
0.7254
0.7123
0.6925
0.6276
0.6016
0.6416
0.6296
0.6419
0.6645
0.734
0.728
0.6648
0.6813
0.6933
0.7028
0.7132
0.7058
0.7029
0.711
0.686
0.6895
0.6886
0.6819
0.6831
0.7149
0.7577
0.7408
0.7834
0.8189
0.7971
0.8392
0.8088
0.7882
0.8049
0.7761
0.8326
0.8091
0.829
0.7903
0.8044
0.8208
0.8648
0.8378
0.8622
0.8422
0.8568
0.8542
0.8198
0.8511
0.8826
0.8996
0.8928
0.897
0.8986
0.8844
0.8019
0.7629
0.8121
0.8417
0.8078
0.8191
0.8006
0.8444
0.847
0.8121
0.8616
0.8463
0.8464
0.7973
0.8199
0.8134
0.7984
0.8165
0.7905
0.7775
0.7717
0.7873
0.7984
0.7816
0.7664
0.8007
0.7891
0.7432
0.7156
0.6758
0.6291
0.5966
0.6118
0.6032
0.5676
0.5507
0.5002
0.4346
0.4366
0.4048
0.4048
0.3766
0.368
0.3545
0.3184
0.3019
0.3137
0.3002
0.3281
0.298
0.2808
0.2674
0.2619
0.2682
0.2514
0.2513
0.2405
0.2526
0.2263
0.199
0.1844
0.1958
0.1887
0.1769
0.1726
0.1717
0.1578
0.1531
0.1507
0.1427
0.1556
0.1665
0.1615
0.1599
0.1557
0.1558
0.1405
0.1393
0.1423
0.1503
0.1352
0.137
0.1348
0.1429
0.1348
0.1361
0.1356
0.1354
0.1304
0.1369
0.1518
0.1486
0.1361
0.1669
0.1299
0.1298
0.1254
0.1151
0.1159
0.1158
0.1103
0.0954
0.1002
0.103
0.1044
0.1006
0.0995
0.0962
0.095
0.0935
0.0937
0.0881
0.0917
0.0955
0.1116
0.0971
0.0969
0.0955
0.0932
0.0925
0.0916
0.0941
0.0969
0.1002
0.1373
0.1557
0.1472
0.1395
0.1627
0.1664
0.1692
0.1695
0.1942
0.1774
0.1902
0.2135
0.2274
0.2396
0.2517
0.2736
0.3121
0.3205
0.3427
0.3892
0.3685
0.3948
0.43
0.4526
0.494
0.4921
0.4865
0.5261
0.5555
0.5494
0.5538
0.5666
0.6242
0.6468
0.6239
0.6526
0.6663
0.6507
0.6475
0.6857
0.7134
0.7022
0.7168
0.749
0.7777
0.7512
0.8389
0.8571
0.8322
0.7957
0.7749
0.6948
0.7188
0.6739
0.6823
0.6915
0.7081
0.6858
0.721
0.7063
0.6811
0.711
0.7381
0.8197
0.8888
0.8824
0.8728
0.8477
0.7786
0.7983
0.7339
0.7424
0.7429
0.7586
0.7566
0.7117
0.7276
0.7235
0.6914
0.7036
0.715
0.7132
0.723
0.7192
0.6866
0.6608
0.6583
0.6609
0.6323
0.633
0.6516
0.6425
0.6663
0.6469
0.6689
0.698
0.6946
0.6876
0.6686
0.6782
0.7041
0.7112
0.7227
0.7543
0.7454
0.7177
0.7212
0.7501
0.736
0.7698
0.7743
0.7966
0.7938
0.7706
0.7601
0.7821
0.7695
0.7594
0.7571
0.7449
0.7484
0.7439
0.7603
0.7525
0.7672
0.7749
0.842
0.8358
0.8012
0.8415
0.8615
0.8375
0.8216
0.8013
0.8283
0.8032
0.8286
0.8776
0.9089
0.8866
0.8722
0.9052
0.8697
0.8741
0.9006
0.9024
0.8718
0.8396
0.8679
0.8361
0.8342
0.8421
0.8593
0.8985
0.8994
0.8998
0.8881
0.8865
0.8963
0.8773
0.8637
0.7807
0.8005
0.8203
0.7811
0.7985
0.8341
0.8843
0.8895
0.8681
0.8633
0.8642
0.8462
0.8654
0.8778
0.8932
0.8473
0.8014
0.7949
0.7936
0.7804
0.7917
0.8089
0.8471
0.77
0.7739
0.7656
0.753
0.7389
0.7121
0.7188
0.688
0.6688
0.6835
0.6783
0.653
0.6608
0.6193
0.5548
0.5304
0.5016
0.4448
0.4288
0.4105
0.4122
0.3787
0.3548
0.3272
0.3275
0.32
0.2998
0.2926
0.2794
0.269
0.2551
0.2571
0.2381
0.2466
0.2423
0.2473
0.2366
0.2375
0.2132
0.214
0.2046
0.2094
0.2015
0.1869
0.1883
0.1915
0.1794
0.177
0.1804
0.1758
0.1737
0.1749
0.1684
0.1609
0.159
0.1691
0.1732
0.1419
0.1498
0.1549
0.1453
0.137
0.1276
0.1315
0.1158
0.1086
0.1101
0.1098
0.1084
0.1064
0.1104
0.1125
0.1145
0.1126
0.1115
0.1124
0.1125
0.1131
0.1159
0.1181
0.1089
0.1108
0.1127
0.114
0.1163
0.1163
0.1157
0.1151
0.1099
0.1095
0.1033
0.1146
0.1041
0.1112
0.1161
0.0965
0.0917
0.0951
0.0921
0.0925
0.0935
0.0973
0.0942
0.1032
0.1043
0.1091
0.1064
0.1077
0.1182
0.1251
0.1506
0.1474
0.1577
0.1711
0.1852
0.198
0.2275
0.2527
0.2748
0.2767
0.2821
0.2968
0.2996
0.3169
0.3424
0.3766
0.4061
0.3944
0.3937
0.429
0.4782
0.4981
0.4985
0.499
0.5047
0.5386
0.5231
0.4974
0.5254
0.5238
0.5323
0.5158
0.5445
0.5509
0.576
0.6001
0.6312
0.6438
0.6399
0.6467
0.6082
0.6118
0.6181
0.6034
0.6123
0.6245
0.5834
0.563
0.549
0.5777
0.6193
0.6474
0.6242
0.6306
0.6725
0.7009
0.6959
0.6959
0.7306
0.7529
0.7102
0.6709
0.6913
0.7591
0.8032
0.8289
0.7799
0.7473
0.7084
0.7154
0.7421
0.6901
0.6861
0.653
0.631
0.656
0.6727
0.6297
0.6096
0.6053
0.5947
0.5787
0.6102
0.6128
0.6318
0.6162
0.5939
0.6006
0.5712
0.6354
0.6645
0.6773
0.6764
0.6958
0.6711
0.6846
0.6816
0.6516
0.6362
0.6453
0.6548
0.6582
0.6814
0.696
0.672
0.6823
0.7353
0.7733
0.7457
0.7199
0.7224
0.7221
0.6865
0.6881
0.6698
0.6871
0.6497
0.6455
0.6609
0.6766
0.6757
0.6988
0.6877
0.6736
0.7007
0.7059
0.7209
0.7737
0.8522
0.8342
0.8443
0.8488
0.8348
0.8439
0.7834
0.8151
0.8233
0.8612
0.8578
0.8566
0.896
0.9213
0.8684
0.8647
0.8659
0.879
0.8875
0.8884
0.8929
0.8888
0.8502
0.8718
0.8792
0.8651
0.9022
0.8909
0.8644
0.8643
0.8412
0.867
0.8391
0.8215
0.7897
0.8107
0.8442
0.8616
0.8383
0.8579
0.7767
0.7454
0.7806
0.758
0.7946
0.7755
0.7987
0.777
0.8312
0.8231
0.7818
0.7447
0.7311
0.7372
0.7234
0.7108
0.687
0.6892
0.6536
0.6216
0.6126
0.6186
0.5793
0.6025
0.5642
0.5467
0.4907
0.4661
0.453
0.4068
0.3823
0.3781
0.3676
0.3705
0.3698
0.359
0.358
0.3772
0.3471
0.3442
0.3254
0.3262
0.3043
0.2735
0.255
0.2366
0.2569
0.2313
0.2277
0.2191
0.2039
0.1961
0.1977
0.2018
0.1956
0.1918
0.1883
0.1865
0.1731
0.1687
0.1655
0.1654
0.1569
0.169
0.163
0.1613
0.1649
0.1536
0.1681
0.1664
0.1505
0.1398
0.1404
0.1487
0.1387
0.1253
0.1298
0.1298
0.1258
0.1376
0.1241
0.1232
0.1153
0.1167
0.1134
0.109
0.1039
0.1043
0.1089
0.1227
0.1264
0.1177
0.1066
0.1085
0.1064
0.0906
0.0891
0.0877
0.0929
0.1037
0.1056
0.1029
0.1055
0.1087
0.1015
0.1057
0.106
0.0959
0.1058
0.1067
0.109
0.1037
0.1013
0.1036
0.1066
0.1221
0.1289
0.1316
0.1509
0.1449
0.1413
0.1446
0.1811
0.1919
0.1859
0.1945
0.2087
0.2351
0.2747
0.3176
0.3291
0.3448
0.3922
0.4521
0.4823
0.4705
0.4953
0.4654
0.4956
0.5406
0.5283
0.5682
0.5366
0.5314
0.5533
0.6218
0.6107
0.6648
0.7142
0.6941
0.6736
0.6826
0.6588
0.693
0.7
0.7106
0.6758
0.6771
0.7345
0.7562
0.7101
0.7369
0.7278
0.737
0.772
0.7584
0.7867
0.7424
0.7331
0.7277
0.7055
0.7715
0.7928
0.7818
0.8173
0.8314
0.8458
0.8744
0.8845
0.8556
0.89
0.8825
0.8809
0.8773
0.8377
0.7936
0.8012
0.8092
0.8123
0.8133
0.8002
0.8295
0.7794
0.8105
0.7412
0.7294
0.7232
0.6865
0.6956
0.7305
0.7819
0.7547
0.7458
0.7326
0.7791
0.7725
0.7882
0.7628
0.7589
0.7943
0.8286
0.7682
0.7419
0.7513
0.7544
0.7596
0.7722
0.7832
0.78
0.7893
0.834
0.7757
0.798
0.7691
0.7646
0.7902
0.8083
0.8028
0.7468
0.8195
0.7835
0.7884
0.7481
0.7691
0.7533
0.7576
0.7421
0.7497
0.7796
0.7423
0.7486
0.7733
0.7539
0.7968
0.823
0.8574
0.8709
0.8338
0.8693
0.8676
0.895
0.8958
0.9012
0.9004
0.8674
0.8477
0.8491
0.8233
0.8069
0.838
0.8891
0.8457
0.8217
0.8329
0.8342
0.8446
0.7946
0.8015
0.874
0.9076
0.9318
0.9092
0.931
1.018
1.0153
1.0116
1.0032
0.9869
0.9975
0.9672
0.9792
0.9686
0.9507
0.9917
0.9627
0.9758
0.9421
0.9534
0.9908
0.9478
0.9093
0.9294
0.9331
0.9366
0.9542
0.8984
0.9139
0.868
0.9351
0.8896
0.9015
0.9315
0.8938
0.8416
0.8393
0.7575
0.6895
0.7137
0.715
0.6946
0.6779
0.6838
0.6516
0.6204
0.5764
0.5948
0.5599
0.4884
0.4623
0.3996
0.395
0.3684
0.3526
0.3651
0.3621
0.334
0.3184
0.3087
0.274
0.2833
0.2872
0.2855
0.2716
0.2712
0.2541
0.2654
0.2513
0.2453
0.2272
0.2209
0.2198
0.2016
0.2025
0.2182
0.1901
0.186
0.1747
0.1657
0.1657
0.1658
0.166
0.1652
0.1607
0.1673
0.1563
0.164
0.1339
0.1385
0.1293
0.1165
0.1225
0.1179
0.1103
0.0957
0.0979
0.0935
0.0992
0.1009
0.0963
0.1085
0.0906
0.0936
0.0893
0.0905
0.0903
0.0933
0.0961
0.0907
0.0937
0.0867
0.0918
0.0968
0.0904
0.0898
0.0924
0.0897
0.0889
0.0917
0.0861
0.0846
0.0914
0.0886
0.0856
0.0871
0.0852
0.0872
0.085
0.0877
0.09
0.0895
0.0857
0.0875
0.0885
0.0896
0.0957
0.1064
0.1014
0.0894
0.0903
0.0941
0.0825
0.0943
0.0909
0.0975
0.1037
0.1286
0.1331
0.1333
0.1385
0.1726
0.2103
0.2292
0.2144
0.2306
0.2422
0.2595
0.3053
0.3001
0.2868
0.3264
0.3762
0.3913
0.4417
0.4181
0.4032
0.4001
0.4235
0.4425
0.5156
0.5108
0.454
0.4303
0.4517
0.4787
0.4912
0.5229
0.5066
0.5088
0.5251
0.5554
0.5502
0.5765
0.5841
0.5994
0.6027
0.6279
0.6293
0.6114
0.6399
0.6791
0.6681
0.6676
0.6917
0.7287
0.7816
0.7989
0.8076
0.8523
0.8461
0.8626
0.8489
0.8074
0.7734
0.8153
0.8251
0.8622
0.854
0.8412
0.8515
0.8417
0.832
0.8166
0.7784
0.7688
0.8187
0.8054
0.7897
0.7994
0.8249
0.7994
0.7913
0.7848
0.7476
0.7881
0.7603
0.7693
0.7524
0.7081
0.7589
0.7218
0.7079
0.7066
0.6693
0.655
0.6452
0.6807
0.6464
0.7082
0.6885
0.6992
0.7186
0.7267
0.7869
0.7241
0.7048
0.7177
0.6737
0.7074
0.6768
0.7045
0.737
0.6969
0.6988
0.7395
0.7452
0.7426
0.754
0.7495
0.7823
0.7649
0.7659
0.7575
0.8278
0.7896
0.8031
0.8008
0.8056
0.762
0.7572
0.78
0.7772
0.7723
0.7744
0.7518
0.8163
0.8176
0.8302
0.809
0.7951
0.7806
0.7991
0.7857
0.8404
0.83
0.8638
0.9109
0.8666
0.8677
0.9135
0.9068
0.8552
0.884
0.8483
0.8964
0.884
0.8827
0.9122
0.8921
0.8614
0.895
0.8444
0.8378
0.8524
0.8924
0.8784
0.8376
0.8373
0.8479
0.8743
0.8973
0.9003
0.9291
0.8997
0.8181
0.8973
0.8776
0.8509
0.8551
0.8304
0.8473
0.8211
0.7846
0.7525
0.7465
0.7306
0.6932
0.6579
0.6325
0.6359
0.627
0.6233
0.5893
0.5303
0.4924
0.4733
0.4514
0.4087
0.3946
0.3661
0.3858
0.3687
0.3438
0.3661
0.3557
0.3204
0.3224
0.3212
0.3416
0.3342
0.3401
0.3325
0.3047
0.2785
0.2705
0.2605
0.2376
0.2421
0.2477
0.2353
0.2304
0.2197
0.1943
0.1746
0.1635
0.1618
0.1721
0.1758
0.1634
0.1629
0.1615
0.1605
0.1698
0.1488
0.1419
0.1549
0.1364
0.1341
0.1316
0.1258
0.1284
0.1221
0.124
0.1407
0.1342
0.1147
0.1269
0.1236
0.1259
0.1471
0.1468
0.1288
0.114
0.1064
0.1123
0.1108
0.1079
0.1068
0.1072
0.109
0.1014
0.1025
0.0986
0.0972
0.1017
0.1095
0.1048
0.1053
0.1029
0.0929
0.0923
0.0953
0.1109
0.1079
0.1078
0.0982
0.0972
0.0967
0.0954
0.0958
0.0957
0.1
0.1108
0.1189
0.1187
0.1237
0.1223
0.1321
0.1402
0.1534
0.1646
0.1694
0.1651
0.1564
0.1618
0.1658
0.1766
0.2054
0.2195
0.2369
0.2306
0.2425
0.2498
0.261
0.2382
0.2467
0.2453
0.2672
0.3148
0.3193
0.3053
0.3264
0.3633
0.3944
0.3995
0.4197
0.4386
0.4471
0.4295
0.4549
0.4664
0.4732
0.4968
0.4834
0.5157
0.5127
0.5444
0.5279
0.4982
0.4915
0.4963
0.5196
0.5598
0.5824
0.6195
0.5959
0.6087
0.626
0.6326
0.5971
0.6389
0.601
0.6597
0.6791
0.6735
0.7199
0.6688
0.6932
0.7201
0.7137
0.7638
0.8086
0.8291
0.7939
0.7317
0.7113
0.7027
0.7372
0.6819
0.6745
0.6624
0.6616
0.6971
0.7398
0.7409
0.7437
0.7026
0.6844
0.6827
0.7026
0.793
0.8054
0.8007
0.8089
0.836
0.7635
0.7156
0.751
0.7698
0.7366
0.7676
0.7731
0.7672
0.7864
0.7674
0.8034
0.7921
0.7806
0.7326
0.7929
0.8094
0.7855
0.7709
0.8481
0.8
0.7817
0.784
0.733
0.6735
0.7075
0.7197
0.7081
0.6679
0.6969
0.674
0.6899
0.6945
0.6506
0.6584
0.7132
0.7248
0.7131
0.7681
0.7764
0.7832
0.7984
0.7826
0.7405
0.76
0.7393
0.7644
0.7534
0.7505
0.7571
0.7577
0.7418
0.766
0.7415
0.7666
0.7793
0.8031
0.8147
0.773
0.8196
0.824
0.8052
0.7828
0.7997
0.7903
0.8233
0.8171
0.8237
0.779
0.8128
0.8715
0.8322
0.8108
0.8349
0.8352
0.8507
0.7778
0.7665
0.8175
0.8104
0.8233
0.8603
0.8136
0.7853
0.7594
0.7639
0.7533
0.7684
0.7828
0.793
0.7856
0.8139
0.8401
0.8332
0.788
0.7635
0.723
0.6799
0.6604
0.6719
0.6428
0.5966
0.5508
0.563
0.4992
0.4522
0.4112
0.4072
0.3959
0.4036
0.3668
0.3508
0.3394
0.3627
0.3204
0.316
0.307
0.3156
0.3048
0.3096
0.2868
0.261
0.2673
0.2544
0.2369
0.2203
0.2249
0.2194
0.2399
0.2258
0.232
0.1933
0.1947
0.1903
0.1941
0.1689
0.1806
0.1777
0.1824
0.1674
0.1646
0.182
0.1821
0.1796
0.1788
0.1753
0.1985
0.1853
0.1721
0.161
0.1862
0.1831
0.172
0.1692
0.1623
0.1877
0.1575
0.1862
0.1527
0.1499
0.1579
0.1468
0.1363
0.1397
0.137
0.1447
0.1394
0.1328
0.1309
0.1349
0.1311
0.1357
0.1245
0.1336
0.1351
0.1354
0.1412
0.1325
0.1365
0.1321
0.1434
0.1347
0.1658
0.1541
0.138
0.1316
0.172
0.2172
0.1341
0.1343
0.1334
0.1379
0.1374
0.1393
0.1496
0.1426
0.1405
0.1497
0.154
0.1714
0.1745
0.1852
0.1931
0.2089
0.2147
0.2412
0.2479
0.2461
0.2783
0.2704
0.2985
0.3078
0.3417
0.4004
0.4058
0.4216
0.4056
0.4467
0.4714
0.4846
0.5501
0.562
0.563
0.5714
0.5913
0.6054
0.6221
0.6221
0.6482
0.6502
0.7141
0.6932
0.6576
0.7127
0.7275
0.6965
0.6816
0.6877
0.7316
0.7778
0.7642
0.7514
0.7589
0.7323
0.7208
0.7137
0.7587
0.7393
0.6884
0.6803
0.6873
0.7587
0.7478
0.7401
0.76
0.7792
0.8145
0.826
0.8259
0.8216
0.859
0.8514
0.8637
0.8933
0.8671
0.8934
0.9175
0.8495
0.8913
0.8746
0.8471
0.8671
0.8264
0.8057
0.7926
0.8268
0.8345
0.852
0.8454
0.8498
0.8265
0.8092
0.8363
0.8015
0.8136
0.8103
0.8558
0.8382
0.8298
0.8174
0.7997
0.7829
0.7819
0.7902
0.826
0.8139
0.8203
0.8272
0.835
0.8097
0.8319
0.7944
0.7782
0.7954
0.8515
0.8212
0.8213
0.8231
0.8405
0.8837
0.8832
0.8533
0.8965
0.8904
0.8557
0.8453
0.8577
0.843
0.8721
0.8774
0.8322
0.8762
0.9094
0.8854
0.8861
0.9046
0.8533
0.9282
0.916
0.9108
0.9136
0.9325
0.9307
0.9967
1.0516
1.0402
1.0074
1.0148
1.0346
1.0266
1.0715
1.0668
1.0392
1.0232
0.9908
1.0487
1.0308
1.0216
1.0126
1.0309
1.0553
1.0835
1.0718
1.0866
1.0874
1.0406
1.0528
1.0364
0.9878
0.9841
0.9824
0.9732
0.9568
0.9601
0.9509
0.9394
0.9362
0.9795
1.014
1.0045
1.0163
1.0428
0.9862
0.9386
0.9208
0.8799
0.8967
0.9342
0.9535
0.9527
0.9476
0.9403
0.9121
0.8802
0.9051
0.8791
0.8548
0.843
0.8411
0.8479
0.7971
0.7716
0.7457
0.711
0.6703
0.6502
0.564
0.5287
0.5071
0.4923
0.4763
0.4426
0.4187
0.39
0.3842
0.3691
0.3433
0.3358
0.3242
0.3287
0.3192
0.3159
0.3036
0.2897
0.2796
0.2777
0.2985
0.3021
0.2905
0.285
0.2786
0.2592
0.2298
0.208
0.2085
0.1971
0.2119
0.208
0.1993
0.2328
0.2348
0.1973
0.1781
0.1741
0.1722
0.2016
0.2007
0.176
0.1849
0.1756
0.1529
0.1495
0.1514
0.1588
0.1461
0.1447
0.1339
0.128
0.1393
0.1401
0.133
0.1275
0.1324
0.1288
0.1295
0.1273
0.1306
0.1266
0.1246
0.1288
0.1357
0.1363
0.1197
0.1188
0.1241
0.1553
0.1598
0.1712
0.1428
0.135
0.125
0.1308
0.1366
0.1449
0.1317
0.1236
0.1383
0.1437
0.1459
0.1487
0.1345
0.1175
0.1234
0.1215
0.1346
0.146
0.143
0.1576
0.1571
0.158
0.1849
0.2039
0.1943
0.2066
0.2165
0.2207
0.2549
0.2672
0.2512
0.2613
0.2744
0.3088
0.3668
0.3776
0.408
0.4168
0.4474
0.4713
0.5431
0.5466
0.5241
0.5503
0.5985
0.6214
0.6221
0.6489
0.6681
0.7152
0.7176
0.7724
0.7773
0.7892
0.8005
0.7853
0.7936
0.8155
0.8544
0.8618
0.8932
0.8378
0.7831
0.7922
0.7736
0.7772
0.7539
0.7701
0.7306
0.6947
0.6772
0.696
0.7161
0.7322
0.751
0.7792
0.7972
0.8275
0.8268
0.8318
0.8482
0.8528
0.8781
0.8916
0.881
0.9112
0.9028
0.8401
0.8382
0.8139
0.8086
0.814
0.8287
0.7775
0.7657
0.7679
0.7684
0.719
0.7132
0.7311
0.6947
0.6981
0.7247
0.7456
0.7893
0.8098
0.8031
0.8213
0.7845
0.8362
0.7838
0.7758
0.7988
0.8368
0.8445
0.8734
0.8962
0.9031
0.8759
0.868
0.8703
0.8691
0.893
0.8456
0.875
0.9006
0.9503
0.9418
0.9154
0.9196
0.9227
0.9027
0.8993
0.9026
0.8745
0.8806
0.8487
0.8882
0.8755
0.8644
0.8684
0.8759
0.9057
0.8891
0.9032
0.9403
1.0005
0.966
0.9343
0.9222
0.9417
0.9321
0.9333
0.9387
0.9352
0.9304
0.9425
0.974
0.9766
0.9753
0.9651
0.9723
0.9889
0.9629
0.9037
0.9265
0.9792
0.9745
1.0074
0.9571
0.9414
0.9121
0.9243
0.921
0.9343
0.9153
0.9252
0.9337
0.9504
0.9336
0.9408
0.9449
0.978
0.9066
0.9164
0.959
0.9949
0.9373
0.9569
0.9586
0.9008
0.8323
0.8707
0.9029
0.8915
0.8714
0.8981
0.8962
0.8222
0.8564
0.8172
0.8198
0.831
0.7895
0.8165
0.8033
0.758
0.768
0.7382
0.7147
0.7207
0.6985
0.6982
0.7121
0.6377
0.5718
0.5315
0.4755
0.4904
0.4473
0.4444
0.4205
0.3924
0.3292
0.3206
0.3078
0.3117
0.302
0.2993
0.3115
0.2995
0.284
0.2857
0.2613
0.244
0.2432
0.236
0.232
0.23
0.2131
0.2276
0.2223
0.2257
0.2093
0.1895
0.1991
0.2135
0.2353
0.2019
0.1926
0.1958
0.1706
0.1742
0.1834
0.175
0.1666
0.1934
0.158
0.1517
0.1567
0.1698
0.1459
0.1638
0.1549
0.1325
0.1278
0.1353
0.1343
0.1451
0.1302
0.122
0.1259
0.1226
0.1153
0.096
0.1156
0.1111
0.1137
0.1133
0.1092
0.1048
0.1121
0.1136
0.1042
0.1068
0.1236
0.1105
0.1005
0.1094
0.1128
0.1026
0.0997
0.1022
0.1027
0.1045
0.105
0.1012
0.1047
0.1048
0.1075
0.1071
0.1227
0.1168
0.1275
0.1323
0.1494
0.1428
0.14
0.159
0.157
0.1696
0.2056
0.2075
0.2154
0.2396
0.2766
0.3276
0.3047
0.3523
0.3979
0.4453
0.515
0.5104
0.5486
0.5289
0.5733
0.5162
0.5041
0.5471
0.5298
0.5795
0.5879
0.6031
0.6275
0.6234
0.6488
0.6828
0.6654
0.6329
0.6709
0.6889
0.7034
0.7059
0.7294
0.7369
0.7792
0.7935
0.7795
0.7788
0.7678
0.7754
0.7683
0.7528
0.734
0.7146
0.7442
0.7342
0.735
0.7614
0.8044
0.8698
0.9226
0.8659
0.8394
0.8578
0.8722
0.9324
0.9239
0.936
0.9462
0.9603
0.9797
0.9469
0.9821
0.9922
0.9062
0.9259
0.9045
0.8821
0.8689
0.8345
0.7796
0.7748
0.745
0.7842
0.7626
0.72
0.7541
0.7687
0.8057
0.7965
0.7793
0.8151
0.7855
0.7872
0.7905
0.8276
0.8591
0.8313
0.8713
0.8092
0.842
0.7915
0.7945
0.8118
0.8517
0.8721
0.9124
0.8829
0.8623
0.8663
0.8612
0.8509
0.8919
0.946
0.9643
0.9445
0.955
0.9675
0.9243
0.9081
0.8803
0.9107
0.9039
0.8888
0.8558
0.8414
0.8115
0.8603
0.816
0.8221
0.8482
0.8383
0.8287
0.821
0.8547
0.8674
0.8859
0.8805
0.9214
0.9482
0.9392
0.9461
0.951
1.0112
0.9767
0.9432
1.0084
0.9552
0.9549
1.0023
1.0397
1.0034
0.9889
0.9588
0.9101
0.9079
0.876
0.8904
0.9037
0.8861
0.8771
0.8892
0.9183
0.9018
0.9409
0.9216
0.895
0.9184
0.9068
0.9007
0.9096
0.9419
0.9457
0.9256
0.9638
0.9125
0.9033
0.9303
0.9522
0.9024
0.9184
0.872
0.8425
0.8671
0.8967
0.9275
0.9298
0.9012
0.9143
0.902
0.8598
0.8716
0.8506
0.7972
0.7966
0.7844
0.758
0.7328
0.7262
0.6911
0.7109
0.7185
0.6875
