0.3971
0.3528
0.3184
0.2513
0.2401
0.2204
0.1983
0.1898
0.1979
0.1928
0.168
0.1564
0.1722
0.1884
0.1799
0.1832
0.2015
0.1995
0.2018
0.2015
0.2077
0.2002
0.1895
0.1818
0.1831
0.148
0.1447
0.1386
0.14
0.1309
0.1312
0.1315
0.1385
0.1369
0.1388
0.1283
0.1257
0.1291
0.1188
0.1118
0.1139
0.1131
0.111
0.1123
0.106
0.1052
0.1069
0.1064
0.088
0.0925
0.0937
0.0961
0.103
0.0964
0.0934
0.0915
0.0912
0.0908
0.0938
0.0934
0.0964
0.1033
0.092
0.0925
0.0926
0.0904
0.0922
0.0925
0.0919
0.0928
0.0915
0.0874
0.0908
0.0914
0.0961
0.0936
0.0921
0.0983
0.1034
0.0941
0.0951
0.0941
0.0916
0.0919
0.0981
0.1002
0.1135
0.1079
0.1183
0.1105
0.1233
0.1296
0.1339
0.1352
0.1383
0.1554
0.1553
0.1593
0.178
0.1842
0.1936
0.2227
0.2538
0.3109
0.2917
0.348
0.3456
0.3469
0.3667
0.3554
0.3995
0.4248
0.4387
0.447
0.4713
0.4398
0.4222
0.433
0.4507
0.4817
0.474
0.4828
0.518
0.575
0.5674
0.5527
0.5548
0.5868
0.5816
0.6259
0.6359
0.6829
0.6771
0.6663
0.6812
0.67
0.6412
0.6102
0.6218
0.5678
0.5363
0.525
0.546
0.5687
0.5849
0.5873
0.6297
0.6616
0.6419
0.6297
0.6601
0.6929
0.7391
0.765
0.7696
0.7451
0.736
0.6956
0.7119
0.6796
0.6788
0.6964
0.6943
0.7157
0.6715
0.607
0.6339
0.633
0.6207
0.6607
0.6701
0.6754
0.6576
0.659
0.5986
0.5541
0.6138
0.6952
0.7249
0.73
0.7539
0.7521
0.7478
0.7587
0.7648
0.7299
0.704
0.7263
0.6905
0.7114
0.8014
0.7802
0.7304
0.7283
0.7631
0.8114
0.755
0.7346
0.7778
0.7212
0.7157
0.7027
0.7347
0.745
0.7379
0.7516
0.7827
0.7623
0.7772
0.7448
0.7482
0.7255
0.6803
0.6166
0.6384
0.7073
0.7118
0.7476
0.729
0.7459
0.8209
0.8644
0.8542
0.8635
0.9188
0.8843
0.9317
0.9594
0.8847
0.8598
0.9295
0.8834
0.9072
0.9788
1.0334
1.0829
1.0189
0.9697
0.9526
0.94
0.9165
0.9193
0.9223
0.9764
0.9712
0.947
0.8987
0.9611
0.9225
0.93
0.9308
0.9851
0.9864
0.9111
0.8921
0.8856
0.8923
0.9049
0.9288
0.9211
0.9045
0.8998
0.8775
0.874
0.8889
0.9002
0.8163
0.7916
0.7846
0.7935
0.8109
0.8205
0.8484
0.7827
0.8555
0.8203
0.7349
0.7478
0.6804
0.6539
0.646
0.6186
0.5652
0.5666
0.529
0.4947
0.4773
0.4704
0.4203
0.3554
0.316
0.3133
0.3245
0.3399
0.3182
0.3225
0.3045
0.2877
0.2715
0.2464
0.2462
0.2404
0.2197
0.1985
0.2171
0.2064
0.2066
0.2125
0.1986
0.2031
0.1917
0.1725
0.18
0.1816
0.1613
0.1412
0.1429
0.1399
0.1662
0.1553
0.1495
0.1612
0.1484
0.1316
0.1309
0.1223
0.1143
0.1189
0.126
0.128
0.1275
0.1139
0.1085
0.1027
0.1059
0.1057
0.1005
0.1063
0.1056
0.1041
0.1031
0.0995
0.0957
0.0928
0.093
0.0958
0.0932
0.0969
0.0918
0.0938
0.0919
0.0914
0.0924
0.0879
0.0909
0.0872
0.0896
0.09
0.095
0.094
0.0988
0.1037
0.1028
0.1001
0.1044
0.102
0.099
0.1018
0.106
0.107
0.116
0.1249
0.1302
0.1306
0.1307
0.127
0.1156
0.118
0.1224
0.1347
0.1417
0.1482
0.1624
0.1729
0.2081
0.229
0.229
0.2398
0.235
0.2371
0.2263
0.2614
0.2845
0.3249
0.346
0.3584
0.3633
0.3785
0.4075
0.4311
0.4496
0.4681
0.4546
0.4959
0.4686
0.4978
0.4894
0.5558
0.5911
0.5859
0.602
0.591
0.5968
0.5925
0.5759
0.6239
0.6971
0.6734
0.6628
0.6481
0.6523
0.6413
0.6697
0.6609
0.6522
0.6701
0.6231
0.6447
0.6607
0.6267
0.6141
0.6392
0.6125
0.6217
0.6737
0.7208
0.7548
0.7197
0.689
0.6983
0.7264
0.7283
0.7226
0.7519
0.7527
0.6895
0.6813
0.7007
0.6772
0.6717
0.7037
0.7057
0.6642
0.6926
0.648
0.6562
0.6435
0.6661
0.7104
0.7104
0.6825
0.6968
0.7018
0.6974
0.6666
0.6982
0.7031
0.698
0.7211
0.7114
0.6876
0.7148
0.7012
0.7726
0.7758
0.6709
0.6749
0.7201
0.7484
0.7651
0.733
0.7126
0.7123
0.8034
0.8015
0.8363
0.8601
0.8036
0.7591
0.8199
0.866
0.8408
0.8574
0.8725
0.7868
0.7176
0.6968
0.7075
0.716
0.7363
0.7351
0.73
0.674
0.6713
0.691
0.7665
0.7424
0.7046
0.7293
0.7554
0.7678
0.7741
0.7739
0.8231
0.8219
0.8474
0.8494
0.8468
0.8779
0.8734
0.872
0.8873
0.9136
0.923
0.9021
0.9081
0.9065
0.9554
0.9646
0.9934
1.0152
1.0242
0.9666
0.9495
0.8885
0.9085
0.9078
0.9415
0.9792
0.9526
0.9389
0.9434
0.9785
0.9697
0.9435
0.9774
0.9339
0.9643
0.9375
0.9002
0.9365
0.9225
0.8987
0.9301
0.9703
0.9702
0.9409
0.9731
0.9253
0.9314
0.9509
0.9347
0.9025
0.8912
0.9533
0.931
0.8676
0.873
0.8801
0.9155
0.8567
0.8306
0.8171
0.7417
0.7125
0.6883
0.591
0.5446
0.5113
0.5012
0.3968
0.3574
0.3315
0.3248
0.321
0.2834
0.2948
0.3062
0.2854
0.2725
0.2859
0.2749
0.2524
0.2443
0.2547
0.2356
0.2199
0.2185
0.2063
0.2108
0.2031
0.1858
0.1789
0.1698
0.1802
0.1662
0.1603
0.1548
0.1716
0.1619
0.1711
0.162
0.1505
0.128
0.1274
0.1079
0.1099
0.1142
0.1129
0.1203
0.1186
0.1059
0.1098
0.125
0.1452
0.1804
0.1625
0.1698
0.1894
0.1625
0.1331
0.1221
0.125
0.1421
0.1288
0.1235
0.126
0.1285
0.1238
0.123
0.127
0.1239
0.1268
0.1242
0.1295
0.1322
0.1245
0.1287
0.1336
0.1241
0.1265
0.1264
0.127
0.1197
0.1209
0.1199
0.1236
0.1202
0.1216
0.1242
0.1237
0.1151
0.1126
0.1144
0.1302
0.1204
0.1191
0.1239
0.1461
0.1541
0.1877
0.1963
0.1885
0.2056
0.2118
0.208
0.206
0.2579
0.2597
0.2403
0.2628
0.2632
0.3155
0.2703
0.264
0.2817
0.3066
0.3391
0.3389
0.369
0.3945
0.4081
0.4528
0.4831
0.5273
0.5395
0.5068
0.5122
0.4864
0.5
0.5568
0.5332
0.5612
0.5202
0.6121
0.6538
0.7235
0.6859
0.6782
0.6955
0.7141
0.7051
0.6503
0.7126
0.7211
0.742
0.7032
0.717
0.7109
0.7477
0.7812
0.7871
0.8099
0.8402
0.8971
0.905
0.9002
0.8942
0.9364
1.0031
0.9571
0.9341
0.938
0.9272
0.8878
0.8761
0.8623
0.8577
0.8741
0.9369
0.9067
0.8329
0.8159
0.7999
0.777
0.7853
0.7864
0.7722
0.7306
0.7318
0.7337
0.7545
0.7797
0.842
0.859
0.7494
0.729
0.8027
0.8356
0.8592
0.8839
0.8978
0.8976
0.8762
0.9015
0.9123
0.9218
0.9942
0.9422
0.999
1.0668
1.1129
1.1313
1.1257
1.1958
1.0998
0.989
0.9942
1.0502
1.1508
1.2235
1.2703
1.3023
1.3027
1.3186
1.2847
1.139
1.0251
1.0522
1.1013
1.1733
1.2269
1.2538
1.2602
1.3069
1.1583
1.0758
1.0546
0.9452
1.0023
1.046
1.0383
0.9874
0.8683
0.8986
0.9715
1.0182
1.0505
1.0859
1.0508
1.0741
1.0625
1.1217
1.1269
1.1043
1.1551
1.1644
1.1403
1.1816
1.2418
1.236
1.1683
1.1622
1.159
1.2022
1.1997
1.1955
1.2074
1.2187
1.2522
1.2583
1.2663
1.2909
1.3219
1.3117
1.2112
1.192
1.2276
1.2332
1.2077
1.1588
1.1283
1.1359
1.1089
1.1178
1.1597
1.1654
1.1516
1.1295
1.1204
1.1994
1.1913
1.1112
1.1072
1.0522
1.069
1.1253
1.1205
1.041
0.9994
0.9445
0.893
0.8285
0.7843
0.7587
0.729
0.7136
0.6928
0.6284
0.6363
0.6635
0.6887
0.6771
0.6528
0.6035
0.5652
0.5264
0.5015
0.4997
0.4911
0.464
0.4484
0.4477
0.4331
0.4404
0.4275
0.4174
0.4022
0.4001
0.396
0.3898
0.3653
0.4032
0.3958
0.3721
0.3589
0.3511
0.3245
0.3103
0.2901
0.27
0.262
0.2608
0.2649
0.2549
0.257
0.2432
0.2374
0.217
0.2134
0.2052
0.19
0.1765
0.1758
0.166
0.1625
0.1726
0.1613
0.1572
0.1571
0.1532
0.1469
0.1503
0.1459
0.1437
0.1377
0.1328
0.1396
0.1425
0.1295
0.1181
0.1162
0.1163
0.1156
0.1134
0.1169
0.1221
0.1191
0.1203
0.1201
0.1232
0.1182
0.1252
0.1133
0.1162
0.1098
0.116
0.1161
0.1154
0.1169
0.1184
0.1246
0.1378
0.1294
0.1216
0.1241
0.1241
0.1443
0.1263
0.1295
0.1358
0.1391
0.1401
0.1335
0.15
0.1818
0.1888
0.1949
0.2007
0.1908
0.1842
0.2043
0.2253
0.2567
0.3012
0.338
0.3274
0.3646
0.3978
0.4342
0.449
0.493
0.4817
0.4747
0.519
0.5674
0.652
0.7513
0.8144
0.8257
0.8463
0.8149
0.8079
0.8386
0.9013
0.9223
0.9164
0.893
0.8542
0.8544
0.79
0.8794
0.928
0.9068
0.9162
0.9636
0.9538
0.9573
0.9477
0.9576
0.9248
1.0152
1.0296
1.0404
1.0103
0.9884
0.955
1.0018
1.0513
1.0214
1.0131
0.9775
0.9707
0.9948
1.0395
1.0616
1.1007
1.0868
1.0638
1.0827
1.1212
1.1245
1.0535
1.0605
1.0603
1.0795
1.0219
0.9981
1.0372
1.0521
1.0615
1.0203
1.0429
1.0605
1.0637
0.9998
1.003
1.0316
1.0299
1.0857
1.0585
1.0738
1.0972
1.0855
1.077
1.0817
1.0392
1.0416
1.0833
1.0351
1.0348
1.0212
1.012
1.0245
0.9731
0.9531
0.9675
0.9537
1.0189
0.9761
0.9643
1.008
1.0374
1.0343
1.055
1.1084
1.045
0.9993
0.9356
0.9364
0.8828
0.8619
0.8864
0.9896
0.9571
0.9889
1.0194
1.0085
0.9714
1.0521
1.0707
1.1333
1.1056
1.0794
1.0581
1.0364
1.0972
1.1061
1.1256
1.1547
1.195
1.1853
1.155
1.1462
1.1537
1.146
1.1379
1.117
1.1349
1.1286
1.1015
1.0912
1.1382
1.1373
1.1419
1.1823
1.211
1.253
1.2515
1.2338
1.2043
1.1711
1.1864
1.2139
1.2576
1.2638
1.259
1.2518
1.2445
1.2493
1.213
1.2153
1.1672
1.1449
1.0827
1.0201
1.0144
1.0173
1.0126
1.0499
0.9323
0.9164
0.9009
0.9232
0.8621
0.8465
0.7947
0.7849
0.7802
0.7225
0.72
0.7017
0.6407
0.6088
0.5645
0.4959
0.4371
0.392
0.4023
0.3547
0.307
0.2964
0.2875
0.271
0.2394
0.2493
0.2432
0.2283
0.2174
0.2138
0.206
0.1903
0.1882
0.1685
0.153
0.1463
0.149
0.1447
0.1478
0.1398
0.164
0.1261
0.1382
0.1257
0.1116
0.106
0.1018
0.1019
0.1046
0.1163
0.1195
0.1102
0.1082
0.116
0.1107
0.0941
0.1084
0.0942
0.0938
0.0937
0.0844
0.0903
0.0903
0.0906
0.0974
0.0882
0.0921
0.0881
0.0882
0.0889
0.0943
0.0927
0.087
0.09
0.0868
0.0869
0.0869
0.0843
0.0861
0.085
0.0842
0.0829
0.0836
0.0859
0.0911
0.0887
0.0916
0.0936
0.0905
0.0949
0.0933
0.0938
0.0934
0.0917
0.0924
0.0934
0.0914
0.0936
0.0951
0.0913
0.095
0.097
0.0951
0.0995
0.0986
0.0997
0.1017
0.1118
0.1128
0.1137
0.1211
0.133
0.1218
0.1742
0.214
0.2078
0.2329
0.3087
0.2926
0.3395
0.3402
0.3108
0.3304
0.3504
0.384
0.3709
0.3798
0.3959
0.461
0.4404
0.4494
0.4906
0.5117
0.4767
0.5219
0.4966
0.5311
0.5581
0.5726
0.61
0.6272
0.6311
0.6308
0.6403
0.6485
0.6187
0.6361
0.6284
0.6135
0.6765
0.6603
0.6696
0.6548
0.6044
0.6547
0.6739
0.6879
0.6751
0.7536
0.7572
0.7921
0.7793
0.7918
0.7388
0.7472
0.7692
0.7777
0.7587
0.7522
0.7176
0.7357
0.7132
0.7058
0.7068
0.6659
0.6783
0.6724
0.6406
0.6151
0.6152
0.6001
0.5779
0.578
0.5799
0.6382
0.6783
0.6294
0.6207
0.5976
0.6057
0.6503
0.6249
0.637
0.6435
0.6345
0.6703
0.718
0.6792
0.668
0.7346
0.7284
0.7217
0.6823
0.7466
0.7129
0.7304
0.7336
0.7115
0.7013
0.7232
0.7242
0.7191
0.7045
0.7195
0.7772
0.7825
0.7599
0.7515
0.764
0.7806
0.7444
0.7614
0.7611
0.7364
0.7844
0.8522
0.8701
0.7786
0.728
0.7327
0.7154
0.7361
0.7585
0.8484
0.8873
0.9065
0.9633
0.9231
0.9299
0.9399
0.9973
0.9681
0.9745
0.9338
0.9444
0.9589
0.9532
0.981
1.0268
0.9466
0.8976
0.911
0.895
0.8935
0.8899
0.9038
0.9097
0.8967
0.9346
0.9104
0.9114
0.9216
0.8975
0.872
0.8765
0.9057
0.8967
0.8906
0.9008
0.9283
0.8542
0.8307
0.894
0.9127
0.8371
0.8443
0.8654
0.8266
0.8201
0.7923
0.7807
0.7555
0.7622
0.7226
0.7213
0.7034
0.7109
0.7097
0.692
0.671
0.6209
0.5883
0.5557
0.5389
0.5812
0.5699
0.5429
0.4802
0.4619
0.4394
0.4008
0.3759
0.3371
0.317
0.3303
0.2891
0.2791
0.2679
0.2626
0.2327
0.2935
0.2317
0.2157
0.2099
0.2024
0.1806
0.1892
0.1891
0.1846
0.1791
0.179
0.1761
0.1689
0.1712
0.1694
0.1635
0.1571
0.1492
0.1555
0.143
0.1494
0.142
0.1453
0.1367
0.1245
0.1229
0.1285
0.1307
0.1152
0.1123
0.1159
0.1289
0.1309
0.1191
0.1125
0.1087
0.1045
0.0986
0.0928
0.0939
0.0943
0.0944
0.0993
0.0916
0.0926
0.0891
0.0884
0.0921
0.0901
0.0892
0.0904
0.0898
0.092
0.0924
0.0927
0.0905
0.0885
0.0867
0.0862
0.0946
0.0943
0.0926
0.0924
0.0938
0.1041
0.1002
0.1062
0.0972
0.0944
0.0933
0.0943
0.0912
0.0912
0.0906
0.0891
0.0915
0.094
0.0954
0.0967
0.0967
0.1123
0.1109
0.1009
0.1031
0.1074
0.1101
0.115
0.1254
0.1509
0.1542
0.1724
0.1533
0.1721
0.1866
0.194
0.2237
0.2413
0.2595
0.2849
0.3281
0.383
0.3835
0.3611
0.3701
0.379
0.4247
0.4268
0.4369
0.4328
0.4958
0.5015
0.5194
0.4941
0.502
0.5207
0.556
0.5468
0.5359
0.5348
0.5919
0.6209
0.5943
0.6576
0.7048
0.6894
0.6397
0.652
0.675
0.6635
0.628
0.6238
0.5966
0.5802
0.5988
0.5996
0.6026
0.612
0.5962
0.6823
0.6872
0.7113
0.7179
0.7147
0.7012
0.7065
0.6897
0.7162
0.6608
0.6963
0.6863
0.6742
0.7059
0.738
0.6985
0.6706
0.686
0.6745
0.6572
0.6737
0.7088
0.6527
0.5918
0.6062
0.5811
0.5609
0.5686
0.5407
0.5521
0.576
0.592
0.6065
0.5904
0.5783
0.5737
0.5701
0.6071
0.6392
0.6039
0.6309
0.6718
0.6994
0.6861
0.6758
0.6828
0.674
0.6753
0.6615
0.6239
0.6294
0.6438
0.6417
0.6833
0.6538
0.6641
0.7026
0.7638
0.7602
0.7068
0.7406
0.7976
0.7796
0.8065
0.7856
0.7905
0.78
0.7577
0.7678
0.7755
0.7629
0.7355
0.7551
0.8009
0.7944
0.8109
0.815
0.8567
0.9208
0.8875
0.8605
0.872
0.8264
0.8757
0.8689
0.8796
0.8362
0.8396
0.87
0.8927
0.9186
0.9273
0.9224
0.9197
0.9199
0.8696
0.9108
0.9465
0.9584
0.9518
0.9281
0.9218
0.8949
0.8603
0.8198
0.823
0.8423
0.8912
0.9076
0.87
0.9027
0.9164
0.8857
0.9317
0.9281
0.9216
0.8649
0.8947
0.8697
0.8507
0.8367
0.8062
0.7924
0.7755
0.7771
0.7546
0.7773
0.7954
0.8151
0.812
0.7971
0.7762
0.7114
0.6538
0.5958
0.555
0.5452
0.5455
0.5191
0.4958
0.4629
0.4112
0.3764
0.3302
0.3383
0.3073
0.3114
0.3083
0.2888
0.2793
0.2618
0.2726
0.2552
0.2319
0.2281
0.2257
0.2184
0.2026
0.218
0.2131
0.2201
0.2043
0.1988
0.1884
0.2004
0.1885
0.1771
0.1766
0.1772
0.1565
0.1651
0.16
0.1508
0.1421
0.1483
0.144
0.1429
0.1373
0.1313
0.1195
0.1227
0.1253
0.1341
0.1248
0.1194
0.1134
0.1176
0.1167
0.1234
0.1121
0.1096
0.1057
0.1128
0.1229
0.1216
0.1128
0.127
0.1041
0.1016
0.1006
0.094
0.097
0.099
0.0973
0.0982
0.0974
0.0989
0.1001
0.0953
0.0954
0.0925
0.0928
0.0924
0.092
0.0915
0.0936
0.0962
0.1111
0.0977
0.1011
0.1017
0.0981
0.0989
0.1009
0.102
0.1038
0.1089
0.1282
0.1261
0.1156
0.1247
0.1371
0.1344
0.1323
0.1474
0.1834
0.1735
0.1838
0.2026
0.2127
0.226
0.2297
0.2516
0.3035
0.3163
0.3205
0.3543
0.3623
0.4109
0.3863
0.3813
0.4114
0.5022
0.523
0.5345
0.5398
0.5534
0.5815
0.6231
0.6815
0.6799
0.6683
0.681
0.6877
0.6736
0.6749
0.6866
0.7578
0.7511
0.6771
0.6951
0.7193
0.7134
0.7458
0.6862
0.742
0.7617
0.7195
0.7055
0.7107
0.7159
0.7046
0.6962
0.7274
0.6956
0.7213
0.7084
0.6957
0.6738
0.6503
0.7495
0.8175
0.8173
0.7578
0.7623
0.7298
0.7662
0.7089
0.7057
0.725
0.7954
0.7277
0.6996
0.6983
0.7174
0.7499
0.735
0.7438
0.7287
0.7014
0.6497
0.6206
0.6345
0.6545
0.7238
0.6452
0.6516
0.6616
0.6464
0.6573
0.6454
0.6662
0.7345
0.7278
0.7173
0.6953
0.6791
0.7391
0.7755
0.7782
0.7419
0.7538
0.7591
0.7617
0.7893
0.7625
0.7524
0.7928
0.7963
0.8168
0.7388
0.7282
0.717
0.6859
0.6972
0.7175
0.7232
0.7576
0.76
0.7967
0.7534
0.6819
0.704
0.7188
0.706
0.7406
0.7091
0.7129
0.725
0.7447
0.7557
0.8148
0.8139
0.831
0.8643
0.8894
0.9192
0.8682
0.8744
0.8962
0.8661
0.9373
0.9248
0.9063
0.9116
0.9552
0.8824
0.9108
0.8565
0.9183
0.988
0.9576
0.9671
0.9172
0.9141
0.9007
0.9117
0.9114
0.8651
0.813
0.7739
0.7799
0.7903
0.8475
0.8828
0.913
0.9093
0.8996
0.8713
0.8983
0.9257
0.9143
0.8563
0.8394
0.7783
0.7812
0.8064
0.7875
0.8004
0.8355
0.8479
0.7861
0.777
0.7699
0.7571
0.7528
0.7287
0.7252
0.7063
0.6738
0.6359
0.63
0.6094
0.5914
0.5201
0.5014
0.4772
0.4352
0.4132
0.4303
0.4024
0.3839
0.369
0.339
0.3296
0.3067
0.3088
0.3186
0.3086
0.2708
0.2578
0.2613
0.2337
0.2208
0.2477
0.2407
0.2471
0.2409
0.2374
0.2242
0.2186
0.2017
0.206
0.2075
0.192
0.1759
0.1673
0.1611
0.1552
0.1544
0.1487
0.1506
0.1429
0.1332
0.1496
0.1595
0.153
0.1349
0.1456
0.142
0.14
0.1412
0.1295
0.1105
0.1162
0.1138
0.1114
0.1057
0.1039
0.1039
0.1069
0.1072
0.1092
0.1073
0.1052
0.1053
0.1053
0.1064
0.1054
0.1092
0.1061
0.1072
0.1032
0.102
0.1043
0.1063
0.1002
0.0974
0.1021
0.1012
0.1009
0.097
0.1156
0.0995
0.0966
0.0974
0.095
0.0958
0.0983
0.0946
0.0946
0.0922
0.0944
0.0949
0.0994
0.101
0.1094
0.1049
0.1054
0.1141
0.1229
0.1482
0.1577
0.1716
0.1763
0.1898
0.1917
0.2099
0.2492
0.2541
0.2652
0.2661
0.2782
0.2891
0.2994
0.3074
0.353
0.368
0.3452
0.3617
0.3954
0.4522
0.4427
0.4339
0.4098
0.385
0.4246
0.4477
0.4137
0.3993
0.4051
0.4366
0.4514
0.4747
0.4897
0.4927
0.4783
0.517
0.5103
0.5173
0.5752
0.5505
0.5096
0.5614
0.5584
0.5629
0.5743
0.5632
0.5596
0.5971
0.5919
0.6087
0.626
0.5887
0.5694
0.6031
0.6016
0.6019
0.5949
0.6046
0.5878
0.6258
0.6207
0.6268
0.6645
0.6501
0.6581
0.6526
0.661
0.6492
0.6259
0.6214
0.6054
0.6125
0.6145
0.6034
0.6433
0.6842
0.703
0.6515
0.6377
0.6614
0.6192
0.5884
0.6348
0.6447
0.6327
0.659
0.6809
0.6545
0.6622
0.6648
0.6679
0.6355
0.6634
0.6576
0.6513
0.6709
0.6833
0.6658
0.6839
0.6929
0.682
0.6885
0.6688
0.6626
0.6443
0.7181
0.7131
0.6373
0.6385
0.6189
0.6208
0.6275
0.668
0.6547
0.6848
0.6727
0.6572
0.6598
0.6392
0.5696
0.569
0.5863
0.5528
0.582
0.6137
0.6771
0.6895
0.79
0.7599
0.7464
0.7521
0.7092
0.7521
0.8037
0.8603
0.8582
0.9005
0.9093
0.8754
0.9064
0.9878
0.9382
0.885
0.8654
0.8916
0.9014
0.8855
0.8645
0.8783
0.9082
0.8991
0.8985
0.9138
0.8591
0.8726
0.8995
0.9687
0.9276
0.9599
0.9005
0.8804
0.871
0.8525
0.8786
0.9026
0.8408
0.8151
0.786
0.7966
0.8412
0.8211
0.8475
0.7953
0.762
0.7613
0.7656
0.7461
0.7496
0.7588
0.7549
0.7289
0.7064
0.702
0.7197
0.6648
0.6427
0.6201
0.6014
0.59
0.5555
0.5603
0.5466
0.5248
0.512
0.4769
0.4584
0.4122
0.392
0.3986
0.3414
0.3458
0.3123
0.3182
0.305
0.307
0.2868
0.2885
0.2886
0.2768
0.2616
0.2417
0.22
0.2144
0.2245
0.2186
0.2107
0.1916
0.175
0.1651
0.1536
0.1468
0.1399
0.1458
0.1317
0.1379
0.1319
0.1329
0.1312
0.1245
0.1137
0.1229
0.1185
0.1169
0.1153
0.112
0.1207
0.1172
0.106
0.1016
0.104
0.1071
0.1035
0.0979
0.0951
0.095
0.0939
0.0992
0.0937
0.0925
0.0881
0.0895
0.0872
0.0812
0.0798
0.0784
0.0793
0.0874
0.0909
0.0841
0.0804
0.0816
0.0802
0.0793
0.0813
0.0805
0.0808
0.0897
0.0898
0.089
0.0894
0.0901
0.0869
0.0897
0.0935
0.0885
0.0939
0.0923
0.0929
0.0941
0.0976
0.0952
0.0989
0.1019
0.1001
0.1043
0.1298
0.1396
0.1255
0.1306
0.1497
0.1691
0.1653
0.1843
0.2123
0.2539
0.2877
0.3031
0.321
0.3251
0.3498
0.4207
0.4215
0.4053
0.4294
0.4131
0.4123
0.4218
0.4988
0.5496
0.5382
0.5215
0.5609
0.6117
0.6397
0.6598
0.6634
0.6558
0.6799
0.6591
0.6308
0.6564
0.6531
0.6782
0.6989
0.6331
0.6038
0.6488
0.6705
0.6483
0.6723
0.6853
0.6884
0.7167
0.7707
0.7484
0.7403
0.6824
0.7308
0.775
0.8207
0.8273
0.833
0.8628
0.8704
0.9024
0.9128
0.8414
0.8482
0.8624
0.9091
0.8138
0.7928
0.7743
0.809
0.8067
0.8239
0.7863
0.8045
0.793
0.7957
0.8081
0.7476
0.7075
0.7085
0.6806
0.7349
0.7138
0.738
0.7638
0.7441
0.7338
0.8275
0.8315
0.8208
0.8024
0.7821
0.8279
0.8566
0.8129
0.7637
0.7499
0.7601
0.7969
0.772
0.784
0.7559
0.7535
0.766
0.8219
0.865
0.8143
0.8123
0.8124
0.8405
0.8589
0.8005
0.8499
0.8283
0.7738
0.7937
0.815
0.7741
0.8068
0.7724
0.7736
0.8242
0.7505
0.7817
0.8235
0.7476
0.7547
0.7367
0.7833
0.7726
0.7774
0.8194
0.8235
0.8505
0.9041
0.9199
0.9387
0.8892
0.8503
0.836
0.8148
0.8503
0.8462
0.8542
0.853
0.8629
0.8567
0.8578
0.8825
0.8069
0.8365
0.9083
0.9606
0.9884
0.9472
0.9948
1.092
1.0754
1.0943
1.0776
1.0552
1.0761
1.0402
1.0538
1.0498
0.9885
1.0552
1.0098
1.0387
0.9817
0.9858
1.019
1.0043
0.94
0.9319
0.9622
0.9728
1.0097
0.9593
0.9672
0.9195
0.9673
0.9213
0.9257
0.9394
0.8993
0.8376
0.8017
0.7315
0.7
0.7373
0.7223
0.7173
0.7143
0.6532
0.6187
0.6191
0.5689
0.5461
0.4957
0.4488
0.4016
0.3649
0.3703
0.3605
0.3318
0.3407
0.3436
0.3333
0.3078
0.3044
0.2789
0.2927
0.2799
0.2815
0.275
0.2757
0.2653
0.2708
0.2543
0.2645
0.2364
0.2291
0.2326
0.209
0.1942
0.2185
0.2003
0.1869
0.1801
0.1734
0.1738
0.1694
0.1719
0.1736
0.1709
0.1586
0.1597
0.147
0.1384
0.1408
0.1277
0.119
0.1172
0.1149
0.1038
0.0867
0.093
0.0921
0.0931
0.1039
0.0958
0.1096
0.0915
0.0892
0.0916
0.093
0.0927
0.0987
0.094
0.0934
0.0942
0.09
0.0894
0.0913
0.0913
0.0914
0.0932
0.0916
0.0906
0.0941
0.0903
0.0898
0.0933
0.0939
0.0897
0.0888
0.0902
0.09
0.0898
0.0937
0.0958
0.0935
0.094
0.0932
0.0942
0.0976
0.1021
0.107
0.103
0.094
0.0927
0.0966
0.08
0.0898
0.0935
0.0967
0.0978
0.1239
0.13
0.127
0.1348
0.1701
0.2004
0.2179
0.2245
0.2344
0.23
0.2712
0.2997
0.2977
0.2665
0.316
0.3473
0.3788
0.3845
0.4501
0.4562
0.411
0.4401
0.4574
0.4727
0.454
0.4271
0.4135
0.4715
0.5135
0.5274
0.5326
0.4909
0.4996
0.4998
0.5741
0.603
0.6248
0.6301
0.6446
0.624
0.6414
0.6387
0.6275
0.6503
0.6769
0.6829
0.7119
0.7364
0.7707
0.8262
0.8551
0.858
0.9134
0.9224
0.9478
0.9506
0.8947
0.8514
0.887
0.8909
0.916
0.9083
0.9123
0.9253
0.8968
0.8818
0.8555
0.8145
0.7983
0.8396
0.8281
0.7939
0.8175
0.8494
0.8532
0.8565
0.8398
0.7953
0.8453
0.8151
0.8044
0.7887
0.7541
0.7911
0.7407
0.7279
0.7253
0.6975
0.6899
0.6948
0.7112
0.6662
0.6987
0.7225
0.7293
0.728
0.755
0.7675
0.7661
0.7685
0.747
0.7036
0.6984
0.7084
0.716
0.7779
0.7607
0.7474
0.7902
0.8099
0.8036
0.7915
0.8073
0.8384
0.7948
0.8009
0.8048
0.8882
0.8573
0.8504
0.852
0.8575
0.8195
0.8386
0.8555
0.8428
0.8405
0.8426
0.8195
0.9068
0.8983
0.8969
0.8881
0.8912
0.8626
0.8854
0.9018
0.9579
0.9094
0.9353
0.9796
0.9266
0.9547
0.9902
0.9629
0.924
0.9676
0.8878
0.8762
0.9059
0.9622
0.9804
0.9366
0.926
0.958
0.8943
0.8907
0.9153
0.9753
0.956
0.9197
0.903
0.8977
0.913
0.9596
0.9639
0.9928
0.9758
0.8868
0.9523
0.926
0.903
0.8759
0.8482
0.8702
0.8615
0.8251
0.7925
0.7901
0.7832
0.7504
0.7301
0.6828
0.6794
0.6657
0.6561
0.6047
0.5359
0.4998
0.454
0.4462
0.4241
0.3835
0.3658
0.3764
0.3849
0.3505
0.3596
0.3498
0.3152
0.2994
0.2966
0.2993
0.2746
0.2615
0.261
0.2587
0.2476
0.2351
0.2358
0.2249
0.2093
0.2113
0.2052
0.2087
0.1887
0.1652
0.144
0.1433
0.1544
0.16
0.144
0.139
0.1294
0.1238
0.1272
0.1322
0.1213
0.1169
0.1275
0.1126
0.1223
0.128
0.1117
0.1196
0.1177
0.1319
0.1366
0.1225
0.1129
0.1279
0.1254
0.122
0.1404
0.1378
0.1163
0.1008
0.096
0.1005
0.102
0.1027
0.0952
0.0935
0.0944
0.0907
0.0869
0.0888
0.0891
0.0912
0.0978
0.0964
0.0942
0.0915
0.087
0.0892
0.091
0.1161
0.113
0.1073
0.0937
0.0967
0.0964
0.094
0.0936
0.094
0.0981
0.1033
0.1068
0.118
0.1238
0.1244
0.1327
0.1432
0.157
0.1672
0.1658
0.157
0.1514
0.1617
0.1644
0.178
0.2212
0.2328
0.2696
0.2578
0.273
0.2859
0.2822
0.2531
0.2566
0.2622
0.2749
0.3144
0.3294
0.2958
0.3118
0.3532
0.3903
0.3643
0.3539
0.3905
0.4098
0.424
0.4277
0.4265
0.4624
0.4633
0.4326
0.4486
0.4936
0.539
0.5478
0.5217
0.496
0.5288
0.5564
0.6234
0.6103
0.661
0.642
0.6758
0.6987
0.6961
0.6461
0.6859
0.6439
0.7142
0.7539
0.7593
0.7973
0.7373
0.71
0.7554
0.799
0.8739
0.9151
0.9261
0.8919
0.8286
0.7881
0.79
0.8301
0.7735
0.7609
0.7464
0.7343
0.7908
0.8096
0.8134
0.7455
0.7101
0.7209
0.7495
0.7764
0.8174
0.7971
0.8189
0.77
0.8056
0.7669
0.7521
0.7891
0.8279
0.8174
0.8494
0.8015
0.8171
0.7851
0.7767
0.7602
0.7753
0.7901
0.7201
0.6757
0.6961
0.6545
0.6453
0.6989
0.706
0.7046
0.7301
0.7305
0.6809
0.7214
0.7228
0.7114
0.679
0.6837
0.6656
0.6417
0.6513
0.6731
0.6877
0.6703
0.6388
0.6566
0.6556
0.6909
0.7315
0.7711
0.7047
0.765
0.7482
0.7333
0.7573
0.7684
0.7889
0.778
0.7558
0.7559
0.755
0.7506
0.7724
0.8177
0.8323
0.8718
0.8372
0.9061
0.8911
0.8465
0.8204
0.8589
0.8418
0.8906
0.8972
0.8886
0.8379
0.8419
0.8305
0.8171
0.8474
0.8232
0.8037
0.867
0.8332
0.8185
0.8775
0.864
0.8428
0.8197
0.783
0.7538
0.7
0.7005
0.7456
0.7577
0.7528
0.7599
0.7523
0.8177
0.8137
0.8446
0.8268
0.8239
0.771
0.7197
0.6947
0.6841
0.6417
0.6008
0.5526
0.5511
0.48
0.4435
0.4317
0.4301
0.4184
0.4237
0.3806
0.3607
0.3563
0.3827
0.3153
0.3031
0.2886
0.2855
0.2834
0.2729
0.2508
0.2557
0.2687
0.2641
0.2441
0.2336
0.2299
0.2292
0.2508
0.2415
0.2522
0.2053
0.2119
0.203
0.2112
0.1725
0.1879
0.1977
0.2055
0.1859
0.1799
0.1992
0.1989
0.1899
0.1858
0.1848
0.1947
0.1788
0.1757
0.1668
0.1963
0.2024
0.1906
0.1809
0.1598
0.1749
0.172
0.1751
0.1507
0.1639
0.1774
0.1645
0.1468
0.1414
0.1478
0.1488
0.1449
0.1377
0.1359
0.145
0.1372
0.1484
0.1295
0.1429
0.1459
0.1442
0.1409
0.1288
0.1464
0.1401
0.1474
0.1386
0.1434
0.1499
0.1435
0.1359
0.1613
0.2079
0.1423
0.1422
0.1402
0.1426
0.1486
0.146
0.1557
0.1433
0.1424
0.1538
0.1617
0.1842
0.1767
0.1866
0.2064
0.2233
0.2326
0.2482
0.2564
0.2483
0.2795
0.2788
0.2911
0.3106
0.3474
0.4005
0.3999
0.4283
0.4226
0.4238
0.4751
0.5007
0.5479
0.5481
0.5604
0.6164
0.6268
0.5937
0.5845
0.6088
0.6091
0.6264
0.6564
0.6651
0.7053
0.7598
0.7914
0.7571
0.7422
0.749
0.7474
0.7352
0.7722
0.8071
0.8117
0.7567
0.7443
0.7473
0.7787
0.7959
0.736
0.7299
0.7298
0.8059
0.8305
0.8254
0.8375
0.8562
0.8871
0.8971
0.8755
0.9009
0.923
0.9091
0.94
0.9794
0.95
1.0033
1.0091
0.9178
0.9122
0.9463
0.9333
0.9418
0.9285
0.9074
0.8952
0.9034
0.8943
0.8682
0.8656
0.8852
0.8592
0.9014
0.8835
0.8528
0.8499
0.8397
0.9138
0.8852
0.9229
0.8857
0.8406
0.8408
0.8546
0.8738
0.8932
0.8707
0.8813
0.9038
0.8997
0.88
0.8902
0.8666
0.8547
0.8648
0.884
0.8419
0.9024
0.8876
0.8747
0.881
0.8722
0.8627
0.852
0.8726
0.8517
0.9155
0.8894
0.924
0.9348
0.9022
0.8527
0.9101
0.9131
0.922
0.9281
0.9755
0.9419
0.9577
0.9534
0.9924
0.9879
0.9922
0.9982
1.0879
1.1287
1.1186
1.0519
1.0394
1.0912
1.0718
1.0879
1.0592
1.1262
1.1279
1.0586
1.0997
1.0978
1.1032
1.0679
1.1251
1.1371
1.1595
1.1341
1.1278
1.1468
1.1277
1.1487
1.0992
1.0611
1.0437
1.0499
1.026
1.009
0.9861
0.9654
0.9494
0.9652
1.0513
1.0973
1.077
1.078
1.0853
1.033
0.9778
0.9732
0.9108
0.884
0.8764
0.8939
0.9109
0.9428
0.9386
0.8735
0.916
0.934
0.9141
0.9063
0.8871
0.8971
0.89
0.8523
0.8144
0.7445
0.6773
0.6278
0.6056
0.5643
0.5462
0.4751
0.4247
0.397
0.3966
0.382
0.3692
0.4006
0.3697
0.3568
0.3556
0.3286
0.3357
0.3308
0.3276
0.3152
0.2955
0.2858
0.2808
0.3032
0.3022
0.3015
0.2978
0.2861
0.2658
0.2415
0.2346
0.2346
0.2105
0.2258
0.2198
0.2038
0.2121
0.2141
0.1958
0.1954
0.1884
0.1875
0.1863
0.1801
0.1788
0.1883
0.1883
0.1698
0.1685
0.1681
0.18
0.1642
0.1563
0.1389
0.1336
0.1503
0.154
0.147
0.1375
0.138
0.1395
0.1403
0.1361
0.1378
0.1322
0.1325
0.1379
0.1281
0.1293
0.1229
0.1212
0.1256
0.1225
0.1244
0.1298
0.1271
0.1308
0.1212
0.1288
0.1332
0.1486
0.1457
0.122
0.1374
0.1417
0.1558
0.1602
0.152
0.12
0.125
0.1255
0.1361
0.1455
0.1455
0.16
0.1573
0.1533
0.1705
0.1931
0.1972
0.2093
0.2118
0.2069
0.2422
0.2625
0.2562
0.2677
0.2784
0.315
0.3457
0.3704
0.3896
0.4062
0.4206
0.4372
0.5009
0.5409
0.5013
0.502
0.5262
0.5337
0.5723
0.5944
0.6184
0.6243
0.6582
0.6893
0.6863
0.682
0.7116
0.7315
0.6974
0.7038
0.7405
0.7285
0.766
0.7362
0.7191
0.7499
0.7604
0.7705
0.7416
0.7469
0.7209
0.688
0.7253
0.7506
0.7348
0.7465
0.7842
0.8295
0.8541
0.8588
0.8792
0.8555
0.8711
0.9062
0.9201
0.9245
0.8987
0.9491
0.9582
0.8831
0.8842
0.8657
0.8488
0.8653
0.8846
0.8532
0.848
0.8517
0.8507
0.7528
0.7544
0.7608
0.7229
0.7394
0.7544
0.7726
0.7754
0.8058
0.7715
0.7773
0.8174
0.8466
0.8413
0.8666
0.8658
0.8452
0.8708
0.945
0.9538
0.9551
0.948
0.9227
0.9339
0.876
0.8874
0.8493
0.8952
0.9178
0.9733
0.964
0.926
0.9401
0.9422
0.9193
0.9279
0.9119
0.9
0.8897
0.8608
0.8619
0.8661
0.8896
0.8574
0.8726
0.8302
0.8422
0.851
0.8968
0.902
0.9442
0.9722
0.956
0.9197
0.9007
0.9356
0.9602
0.9438
0.9279
0.9936
1.0526
1.0168
1.0313
1.0262
0.9757
0.9605
0.9423
0.9144
0.9674
1.0284
1.034
1.0573
1.0108
1.0007
0.9688
0.9496
0.9444
0.9434
0.9222
0.9315
0.9432
0.9583
0.9454
0.9519
0.9778
0.9778
0.9186
0.9335
0.9699
0.9925
0.9333
0.9776
0.9777
0.9072
0.8311
0.8795
0.875
0.9046
0.8848
0.9059
0.9159
0.8478
0.8251
0.8283
0.8133
0.8409
0.761
0.6967
0.6866
0.7033
0.7063
0.6497
0.6148
0.6005
0.5773
0.525
0.531
0.5015
0.4787
0.4621
0.4387
0.4076
0.3721
0.3281
0.3264
0.3096
0.31
0.301
0.2948
0.3002
0.255
0.2474
0.2447
0.2562
0.237
0.236
0.2227
0.2198
0.2145
0.2284
0.22
0.2293
0.2321
0.2508
0.2393
0.2263
0.211
0.1849
0.192
0.2121
0.2257
0.1957
0.1907
0.1943
0.1674
0.1728
0.178
0.1648
0.1603
0.1717
0.1586
0.162
0.1712
0.1853
0.1444
0.1502
0.1414
0.1311
0.127
0.1219
0.1081
0.1215
0.1053
0.0994
0.1061
0.1084
0.1109
0.0979
0.0992
0.0872
0.0907
0.0981
0.093
0.0899
0.1023
0.1089
0.099
0.1019
0.1213
0.1059
0.0999
0.0985
0.0998
0.0929
0.0923
0.0952
0.0929
0.0944
0.0955
0.0927
0.0988
0.0952
0.0988
0.0959
0.098
0.1032
0.1081
0.1126
0.1268
0.118
0.125
0.1494
0.1492
0.1689
0.1987
0.2113
0.2192
0.261
0.2989
0.3272
0.327
0.3687
0.3892
0.4086
0.4635
0.4738
0.4971
0.4877
0.506
0.4544
0.4626
0.5075
0.5054
0.491
0.4975
0.5105
0.5395
0.5524
0.5677
0.6038
0.6596
0.6622
0.7122
0.7262
0.7424
0.7367
0.7585
0.7577
0.7902
0.8152
0.8062
0.8058
0.8264
0.8086
0.7848
0.7932
0.7707
0.7438
0.7729
0.7401
0.7253
0.7331
0.763
0.8048
0.866
0.8425
0.8444
0.8357
0.884
0.9492
0.9554
0.9395
0.9032
0.8851
0.9461
0.9354
0.9292
0.9574
0.8899
0.8967
0.8864
0.8669
0.852
0.809
0.7726
0.73
0.7138
0.7154
0.7299
0.7099
0.7254
0.7394
0.77
0.7843
0.7851
0.7916
0.7686
0.8026
0.797
0.8537
0.8851
0.8655
0.9037
0.8532
0.853
0.8671
0.8506
0.8596
0.8802
0.8879
0.8688
0.8518
0.8588
0.8409
0.8804
0.8872
0.8688
0.8499
0.8567
0.8075
0.7993
0.8138
0.8508
0.9049
0.9094
0.9226
0.9232
0.8656
0.8788
0.8756
0.8092
0.8415
0.7959
0.8062
0.7904
0.787
0.8116
0.8222
0.8741
0.8016
0.7792
0.8511
0.8782
0.8896
0.9312
0.9359
0.9471
1.0291
1.0298
0.9826
1.038
1.0179
0.9941
1.0282
1.1044
1.0482
1.0263
1.0033
0.9606
0.9614
0.8962
0.8835
0.8824
0.8709
0.8819
0.8529
0.8498
0.8696
0.9246
0.8909
0.8471
0.9111
0.8257
0.8551
0.8563
0.9153
0.8826
0.834
0.8623
0.8206
0.8727
0.9509
0.9668
0.8951
0.8956
0.8561
0.8153
0.8406
0.8885
0.9164
0.9314
0.8842
0.8509
0.8849
0.8329
0.7518
0.7517
0.7283
0.7256
0.7321
0.7093
0.6771
0.6953
0.6706
0.6477
0.5967
0.6062
