0.242678
0.217209
0.2025
0.164697
0.169022
0.158064
0.129248
0.119418
0.124749
0.127693
0.115709
0.115744
0.131512
0.150009
0.146429
0.145196
0.154015
0.148387
0.150853
0.143819
0.145732
0.141205
0.134196
0.127785
0.133975
0.118166
0.116995
0.118951
0.117225
0.114161
0.114399
0.113072
0.114746
0.116809
0.120074
0.112423
0.109253
0.111201
0.10511
0.097868
0.098107
0.096828
0.100125
0.098104
0.094966
0.094394
0.096783
0.09515
0.077313
0.080177
0.081483
0.082617
0.093417
0.083979
0.079848
0.077443
0.077147
0.076101
0.079307
0.078742
0.085155
0.091037
0.077431
0.076957
0.077422
0.07454
0.077063
0.076522
0.076659
0.077269
0.075944
0.070671
0.07433
0.075651
0.080087
0.075942
0.074565
0.081683
0.087987
0.07627
0.076229
0.075502
0.072873
0.073985
0.08166
0.08588
0.095128
0.092367
0.101918
0.095941
0.105667
0.110934
0.115735
0.119428
0.125611
0.141135
0.147469
0.147845
0.164163
0.169387
0.178132
0.193773
0.205308
0.227533
0.244467
0.300587
0.302213
0.297795
0.30055
0.295139
0.32031
0.351804
0.348283
0.376813
0.394691
0.369159
0.369049
0.361146
0.379816
0.413187
0.403172
0.396374
0.410875
0.437024
0.44033
0.444762
0.442181
0.451331
0.476702
0.523095
0.5146
0.543276
0.523169
0.522918
0.549787
0.525991
0.510414
0.475848
0.473408
0.434519
0.40769
0.398259
0.405405
0.429781
0.446304
0.453403
0.489115
0.512113
0.492274
0.480497
0.495658
0.506041
0.526244
0.557106
0.576969
0.577932
0.568548
0.539061
0.531804
0.526664
0.515942
0.526733
0.527584
0.541512
0.515192
0.488143
0.510921
0.520699
0.518513
0.534839
0.523051
0.518786
0.528581
0.527707
0.489071
0.474067
0.504858
0.563205
0.581474
0.554024
0.555051
0.558524
0.548705
0.561667
0.566582
0.546823
0.508272
0.52758
0.505969
0.539956
0.617452
0.597802
0.552958
0.551747
0.572923
0.599647
0.578995
0.568816
0.583251
0.551888
0.551522
0.574495
0.563247
0.572178
0.556268
0.588019
0.615295
0.590152
0.599355
0.559596
0.559958
0.539658
0.510064
0.493386
0.511453
0.540915
0.552521
0.566114
0.545376
0.550798
0.598018
0.630186
0.640397
0.649571
0.686349
0.661069
0.687759
0.71309
0.67046
0.641458
0.693394
0.651796
0.651831
0.717755
0.746718
0.789836
0.76743
0.747613
0.709221
0.692409
0.682697
0.694406
0.68834
0.703855
0.702166
0.694689
0.649662
0.684971
0.653573
0.661
0.651347
0.683663
0.668728
0.634236
0.63463
0.631562
0.616143
0.637434
0.648211
0.663069
0.646831
0.663704
0.630667
0.629872
0.6209
0.63591
0.599876
0.564887
0.569772
0.584298
0.569246
0.567469
0.560505
0.508738
0.589965
0.558924
0.508621
0.530275
0.471574
0.46626
0.453951
0.434885
0.406916
0.387308
0.367697
0.353442
0.32307
0.310238
0.287372
0.261355
0.234474
0.23808
0.263361
0.248293
0.233734
0.237005
0.218052
0.206905
0.191879
0.177345
0.173989
0.170126
0.15865
0.147523
0.156923
0.144066
0.142547
0.145228
0.137294
0.141609
0.146087
0.129763
0.123281
0.123982
0.122347
0.108904
0.112371
0.107704
0.121394
0.1164
0.119854
0.12877
0.115555
0.106657
0.106072
0.101688
0.09838
0.103096
0.107829
0.119729
0.113113
0.10137
0.093651
0.085946
0.090156
0.089931
0.088032
0.092214
0.091291
0.08874
0.088431
0.084225
0.078408
0.075502
0.074099
0.078053
0.074641
0.07836
0.075917
0.074538
0.072133
0.072156
0.072725
0.069158
0.072087
0.068255
0.07009
0.071373
0.078288
0.075744
0.081695
0.087205
0.083227
0.078811
0.082612
0.080731
0.07849
0.082386
0.084922
0.08623
0.091973
0.098211
0.106276
0.107824
0.106545
0.105061
0.095992
0.096828
0.102492
0.115511
0.121287
0.127687
0.143883
0.146871
0.164306
0.172347
0.185421
0.193844
0.196106
0.196262
0.193689
0.228459
0.242868
0.273417
0.295979
0.301487
0.303161
0.325265
0.354785
0.371307
0.384754
0.399558
0.397123
0.414768
0.406092
0.428086
0.430141
0.478371
0.49091
0.493332
0.520168
0.488247
0.464607
0.458844
0.441271
0.46077
0.483812
0.487428
0.50132
0.499453
0.495411
0.488516
0.517049
0.501654
0.48482
0.522618
0.4851
0.491501
0.505598
0.503195
0.497021
0.526225
0.501407
0.49393
0.525698
0.557924
0.579968
0.560631
0.551707
0.571343
0.556817
0.567233
0.547891
0.595688
0.592092
0.534663
0.521601
0.53475
0.53157
0.527469
0.557989
0.578697
0.539019
0.546735
0.511321
0.529723
0.532803
0.517922
0.531635
0.539278
0.52383
0.547869
0.562721
0.560189
0.53611
0.544512
0.547542
0.548502
0.546355
0.514067
0.504195
0.527529
0.531281
0.572138
0.586816
0.49782
0.489677
0.532184
0.544206
0.576227
0.553314
0.545494
0.522246
0.550472
0.554433
0.598539
0.598725
0.560829
0.532273
0.59119
0.621135
0.589743
0.607545
0.631142
0.579906
0.540289
0.532267
0.517139
0.517675
0.523587
0.529593
0.546713
0.520435
0.508474
0.539132
0.582327
0.575914
0.537144
0.563736
0.589504
0.611841
0.622473
0.640389
0.639008
0.645485
0.689236
0.683348
0.649219
0.67006
0.665548
0.643816
0.678852
0.693871
0.684438
0.685868
0.705105
0.698749
0.747177
0.746192
0.762789
0.765136
0.773928
0.758706
0.757236
0.69388
0.698757
0.673941
0.670609
0.686831
0.706251
0.726359
0.70611
0.712931
0.703458
0.701603
0.724789
0.712144
0.731832
0.716879
0.674792
0.667802
0.648209
0.637651
0.639644
0.658119
0.658875
0.659635
0.678245
0.649192
0.65886
0.672421
0.667275
0.650761
0.652281
0.66253
0.638851
0.609311
0.617872
0.628843
0.663252
0.623836
0.597377
0.585428
0.54179
0.522633
0.512235
0.439762
0.427066
0.39082
0.37153
0.292513
0.274136
0.253679
0.245729
0.247421
0.224862
0.244124
0.260153
0.245152
0.224361
0.216925
0.218692
0.206652
0.212675
0.219797
0.197308
0.189909
0.185599
0.178573
0.18351
0.174426
0.164583
0.158532
0.155811
0.155946
0.148614
0.143002
0.135966
0.143888
0.142558
0.145401
0.140654
0.13656
0.113398
0.101934
0.091953
0.094715
0.095108
0.096433
0.09232
0.097176
0.091691
0.097654
0.113679
0.12593
0.144958
0.13574
0.141682
0.157257
0.131847
0.113929
0.110536
0.110872
0.113225
0.107515
0.108677
0.112309
0.116843
0.107879
0.109733
0.111756
0.108362
0.109664
0.106698
0.1077
0.106806
0.107197
0.110333
0.112821
0.106904
0.106622
0.110516
0.105225
0.10336
0.106368
0.104596
0.106187
0.105
0.106511
0.108878
0.110629
0.100516
0.09846
0.100005
0.106778
0.102331
0.100726
0.102263
0.115009
0.125001
0.146702
0.15603
0.151644
0.158592
0.166855
0.162697
0.164102
0.202544
0.20662
0.200169
0.215158
0.228868
0.261298
0.239232
0.220791
0.236745
0.268039
0.29419
0.29246
0.32498
0.354309
0.365513
0.390536
0.38498
0.415825
0.446979
0.431821
0.419463
0.409618
0.42213
0.443501
0.443753
0.484633
0.451193
0.498352
0.551628
0.587766
0.58128
0.560398
0.553637
0.588568
0.576969
0.539315
0.599205
0.589725
0.598223
0.570607
0.582027
0.579385
0.588419
0.605704
0.606871
0.622753
0.659964
0.696802
0.723351
0.703068
0.701952
0.721924
0.761973
0.714202
0.71363
0.703073
0.689122
0.674864
0.646086
0.643306
0.641626
0.639473
0.729642
0.678703
0.639761
0.631298
0.614576
0.583087
0.578593
0.590052
0.618097
0.577424
0.582774
0.570873
0.5831
0.604724
0.651067
0.668301
0.59417
0.581407
0.629767
0.652159
0.664275
0.690365
0.697612
0.740447
0.735399
0.728858
0.761174
0.743724
0.773845
0.751901
0.775246
0.797179
0.813844
0.822179
0.813093
0.853796
0.79611
0.748751
0.755203
0.816259
0.903206
0.94986
0.960143
0.979875
0.961487
0.949232
0.936515
0.856353
0.811025
0.849055
0.872046
0.910283
0.93787
0.953025
0.937101
0.970908
0.895859
0.854314
0.829401
0.762488
0.795304
0.804443
0.784754
0.752623
0.665196
0.697219
0.743278
0.760978
0.785493
0.805462
0.791508
0.803748
0.799863
0.827899
0.82166
0.810891
0.850723
0.864621
0.8585
0.873568
0.925674
0.919956
0.883827
0.882568
0.880806
0.89388
0.892155
0.871039
0.895635
0.926304
0.968972
0.955041
0.959258
0.987995
0.98317
0.981802
0.880261
0.861518
0.890802
0.897056
0.881987
0.829473
0.801381
0.81114
0.799773
0.809735
0.81164
0.828578
0.831017
0.84109
0.8473
0.865686
0.862347
0.786263
0.764725
0.759753
0.781377
0.831618
0.812166
0.737455
0.717354
0.678721
0.655223
0.597517
0.551264
0.543882
0.5234
0.517788
0.513199
0.455919
0.458268
0.475197
0.495634
0.481258
0.473842
0.438588
0.427849
0.405299
0.380082
0.38443
0.375302
0.368534
0.347208
0.341043
0.335922
0.345363
0.332414
0.324383
0.313633
0.323203
0.312911
0.304263
0.271068
0.294946
0.300724
0.284955
0.282438
0.285397
0.260366
0.234304
0.222354
0.209418
0.21304
0.212297
0.234966
0.221826
0.206508
0.195292
0.178799
0.173146
0.17199
0.16186
0.153929
0.145366
0.145944
0.14135
0.135214
0.14312
0.135754
0.130009
0.13088
0.125513
0.123195
0.127703
0.124593
0.114811
0.11406
0.108236
0.112479
0.111524
0.109751
0.092894
0.092001
0.090868
0.091689
0.090352
0.09193
0.09871
0.096158
0.097942
0.099969
0.103664
0.098437
0.108839
0.095506
0.096724
0.096229
0.10188
0.099098
0.09678
0.098851
0.100545
0.108033
0.124805
0.120213
0.107916
0.106558
0.105645
0.124894
0.111098
0.111733
0.116981
0.119362
0.125726
0.120274
0.140683
0.164967
0.163934
0.168115
0.175574
0.162596
0.156181
0.175611
0.202754
0.221412
0.241839
0.266149
0.271212
0.286052
0.307434
0.326227
0.342875
0.37543
0.382203
0.394768
0.399494
0.427108
0.479761
0.550803
0.587403
0.588579
0.600848
0.60547
0.598718
0.634492
0.686155
0.708934
0.68163
0.713226
0.6789
0.681089
0.622923
0.660143
0.670316
0.66363
0.692256
0.709301
0.72281
0.72063
0.743988
0.75157
0.717218
0.775947
0.77674
0.78726
0.762562
0.753548
0.757587
0.773444
0.799556
0.807987
0.792226
0.761162
0.738899
0.740406
0.78057
0.792982
0.780266
0.759052
0.725256
0.748576
0.762461
0.775107
0.737276
0.736117
0.738858
0.759562
0.719772
0.700634
0.732743
0.744606
0.736884
0.707137
0.721575
0.737487
0.72769
0.699351
0.719253
0.755444
0.745924
0.782788
0.757521
0.752434
0.761937
0.757584
0.759355
0.731483
0.694494
0.706025
0.72946
0.709573
0.706605
0.699306
0.686431
0.701798
0.67917
0.669774
0.675769
0.667572
0.696749
0.688767
0.674506
0.701628
0.723308
0.735571
0.741319
0.788831
0.757222
0.732785
0.696252
0.691214
0.653976
0.65659
0.662006
0.728226
0.715163
0.728192
0.763023
0.736727
0.733484
0.781525
0.801399
0.881264
0.87748
0.833215
0.811012
0.800392
0.853505
0.859045
0.864845
0.889684
0.875687
0.896199
0.868973
0.842472
0.830009
0.813789
0.810688
0.817523
0.876656
0.853274
0.83788
0.818615
0.853042
0.841091
0.843231
0.863315
0.896784
0.906273
0.900227
0.880674
0.8656
0.834135
0.832923
0.857937
0.879247
0.867816
0.872857
0.856355
0.849447
0.875793
0.829944
0.83324
0.813762
0.769311
0.723947
0.714267
0.709745
0.700323
0.699749
0.696324
0.626563
0.614525
0.611976
0.628844
0.606833
0.605004
0.583613
0.553485
0.540528
0.501839
0.513305
0.508159
0.455694
0.424576
0.403526
0.356784
0.33078
0.300717
0.308107
0.27338
0.245533
0.24474
0.234088
0.219248
0.189707
0.194814
0.191326
0.185118
0.172748
0.165731
0.159341
0.156574
0.150873
0.138047
0.122779
0.121067
0.122433
0.117827
0.121154
0.121102
0.143503
0.109268
0.107063
0.099583
0.095397
0.090394
0.08557
0.088301
0.090493
0.096719
0.096849
0.091172
0.091294
0.102153
0.09936
0.079949
0.082603
0.079171
0.078354
0.079889
0.073049
0.076221
0.075757
0.076205
0.085286
0.074606
0.078911
0.07367
0.073159
0.075116
0.08189
0.081188
0.074354
0.076513
0.071904
0.072476
0.072306
0.069397
0.07095
0.069795
0.068879
0.066864
0.068439
0.070645
0.07645
0.074266
0.075758
0.078298
0.075059
0.080214
0.077979
0.080047
0.079857
0.077516
0.077516
0.078155
0.077853
0.079542
0.07923
0.075401
0.080294
0.082487
0.080148
0.086361
0.08419
0.085028
0.088687
0.100707
0.101335
0.1021
0.107968
0.120497
0.112017
0.149363
0.163314
0.175634
0.195408
0.248
0.25212
0.294103
0.290408
0.254038
0.283582
0.263703
0.297023
0.301804
0.332691
0.345946
0.377878
0.368201
0.37297
0.397423
0.402643
0.397959
0.460843
0.427234
0.45093
0.460398
0.466796
0.488212
0.492032
0.505384
0.487128
0.495799
0.49528
0.477631
0.477771
0.454047
0.460876
0.505217
0.505819
0.518461
0.496412
0.475298
0.520062
0.514963
0.514674
0.513973
0.561019
0.564581
0.594845
0.600474
0.6142
0.572588
0.56493
0.582481
0.59139
0.574249
0.555058
0.521403
0.522471
0.517158
0.523677
0.520375
0.486275
0.490278
0.478831
0.472841
0.460701
0.471712
0.479168
0.458814
0.448189
0.450751
0.506309
0.53495
0.523014
0.50144
0.47823
0.484135
0.513107
0.490856
0.489851
0.500918
0.496166
0.498947
0.513001
0.500196
0.491948
0.527195
0.532893
0.535138
0.517515
0.528003
0.540865
0.551113
0.552143
0.552349
0.519945
0.525573
0.543628
0.542358
0.529941
0.532581
0.590877
0.600993
0.593123
0.59155
0.596393
0.612235
0.603733
0.601568
0.585517
0.54401
0.56713
0.612277
0.616811
0.571893
0.54637
0.567136
0.565663
0.569069
0.583286
0.663714
0.68082
0.703638
0.732479
0.699572
0.707044
0.718161
0.746069
0.733437
0.721766
0.719708
0.715487
0.728983
0.72442
0.699
0.714591
0.679313
0.657641
0.67316
0.664783
0.664806
0.690955
0.696362
0.670926
0.662396
0.674684
0.678815
0.688042
0.669339
0.651419
0.627989
0.613697
0.62819
0.623888
0.606475
0.612262
0.638417
0.593292
0.573426
0.610278
0.580257
0.535716
0.566036
0.576273
0.558071
0.577729
0.570746
0.573966
0.550192
0.539432
0.522357
0.529555
0.512201
0.512528
0.5251
0.51314
0.490814
0.48935
0.443206
0.411852
0.410425
0.443829
0.423414
0.403374
0.359927
0.36159
0.34357
0.318796
0.291929
0.273273
0.253933
0.257287
0.22567
0.215876
0.215227
0.209286
0.199238
0.246665
0.204326
0.184417
0.178601
0.17704
0.165916
0.167625
0.171453
0.16781
0.159816
0.162102
0.159405
0.151426
0.153347
0.152776
0.149325
0.139146
0.127854
0.129727
0.123928
0.12489
0.118614
0.117898
0.111312
0.10922
0.109211
0.110675
0.109446
0.102366
0.099283
0.102572
0.118946
0.121761
0.106604
0.097774
0.095667
0.089927
0.083135
0.079833
0.078375
0.079899
0.079659
0.086606
0.076837
0.078463
0.075501
0.073947
0.078394
0.075962
0.075719
0.079287
0.076024
0.079221
0.078859
0.07966
0.076551
0.074409
0.071767
0.071442
0.081952
0.08248
0.079541
0.077818
0.077857
0.086917
0.084982
0.089186
0.08183
0.077656
0.076789
0.077299
0.074361
0.073543
0.074088
0.072964
0.07316
0.07595
0.077543
0.079517
0.080857
0.098444
0.096411
0.087096
0.08753
0.094165
0.095362
0.099025
0.105476
0.117874
0.123792
0.139098
0.127143
0.14871
0.160853
0.178946
0.19404
0.202712
0.224433
0.232678
0.261805
0.313718
0.314218
0.311019
0.309063
0.313938
0.333023
0.334315
0.349248
0.339253
0.379689
0.394132
0.406889
0.391836
0.383211
0.385244
0.415196
0.423757
0.41274
0.412356
0.427862
0.452184
0.449831
0.478939
0.506155
0.510644
0.485137
0.490878
0.506882
0.501869
0.474478
0.472858
0.452979
0.440025
0.480659
0.479453
0.49079
0.491294
0.4943
0.54401
0.527771
0.530789
0.547757
0.549791
0.545555
0.5407
0.53827
0.562285
0.518037
0.555981
0.540458
0.517109
0.517755
0.5338
0.505848
0.495685
0.504972
0.508853
0.499288
0.494091
0.530092
0.497153
0.468201
0.497771
0.489186
0.497483
0.488674
0.464123
0.466642
0.499114
0.50469
0.503203
0.478277
0.455271
0.445753
0.445375
0.48145
0.530448
0.498099
0.48357
0.501443
0.507147
0.495014
0.50493
0.522957
0.534173
0.532494
0.510292
0.480933
0.479358
0.486779
0.479528
0.499282
0.490931
0.492401
0.522693
0.548017
0.532312
0.509103
0.545323
0.585196
0.547067
0.57632
0.56682
0.562843
0.552569
0.542339
0.560202
0.575355
0.565544
0.549362
0.551839
0.580658
0.586034
0.612221
0.639898
0.639101
0.657381
0.623544
0.611838
0.614542
0.586968
0.623151
0.616969
0.610555
0.596596
0.615453
0.623196
0.648961
0.666275
0.653094
0.669648
0.650935
0.644842
0.616186
0.638461
0.68106
0.678232
0.673726
0.697111
0.693194
0.6723
0.6465
0.627517
0.653393
0.663008
0.670815
0.672302
0.650878
0.658778
0.672538
0.652568
0.671394
0.681224
0.665192
0.615378
0.627931
0.615281
0.603353
0.60145
0.572233
0.55561
0.536833
0.537757
0.528507
0.536748
0.544756
0.571884
0.55478
0.530415
0.508098
0.482469
0.456859
0.428481
0.409135
0.407222
0.418365
0.410397
0.384842
0.345134
0.320233
0.278336
0.265832
0.269842
0.247095
0.239905
0.229131
0.21589
0.209
0.20503
0.225546
0.206135
0.19495
0.187399
0.183098
0.188724
0.177136
0.184172
0.177774
0.186822
0.166114
0.15694
0.147667
0.153904
0.144132
0.140147
0.141923
0.140384
0.130349
0.133009
0.129364
0.121291
0.126976
0.135914
0.131758
0.131484
0.125233
0.117069
0.106556
0.108784
0.113365
0.122481
0.108757
0.107666
0.101099
0.100073
0.103606
0.105099
0.102018
0.099958
0.095213
0.104104
0.116654
0.113285
0.10271
0.1001
0.087837
0.085532
0.086959
0.082252
0.083613
0.084895
0.083212
0.083589
0.082833
0.083917
0.084774
0.081022
0.081379
0.078681
0.07888
0.077868
0.076781
0.075692
0.076595
0.08175
0.096699
0.082671
0.085558
0.085648
0.082272
0.083543
0.085023
0.08622
0.087994
0.093224
0.107669
0.108346
0.10279
0.110212
0.120279
0.120007
0.119801
0.135686
0.163257
0.160954
0.168783
0.187394
0.192352
0.203592
0.207625
0.229186
0.271926
0.271353
0.274609
0.305972
0.313209
0.345527
0.340734
0.338857
0.357554
0.407803
0.419812
0.430707
0.428447
0.424269
0.436681
0.459764
0.521233
0.505753
0.501915
0.477389
0.493535
0.469857
0.472974
0.480891
0.552826
0.561852
0.541187
0.566991
0.585851
0.576107
0.609482
0.597733
0.601243
0.590994
0.566247
0.540259
0.554646
0.535312
0.528337
0.508045
0.530585
0.525118
0.531561
0.543995
0.539979
0.527921
0.511529
0.592795
0.654445
0.634944
0.617882
0.610079
0.576892
0.615182
0.565075
0.560351
0.584399
0.617469
0.576804
0.539572
0.541942
0.558864
0.565065
0.583907
0.596235
0.563243
0.542422
0.513949
0.501522
0.499798
0.503894
0.537209
0.515046
0.502086
0.490368
0.476715
0.469807
0.471327
0.494949
0.537045
0.521878
0.532095
0.515009
0.504856
0.560339
0.590481
0.59583
0.577029
0.582234
0.576503
0.585048
0.603843
0.585493
0.592988
0.606835
0.62604
0.628363
0.577621
0.59803
0.611564
0.573144
0.569604
0.564665
0.55675
0.559585
0.564916
0.597293
0.572705
0.546096
0.558831
0.574409
0.573577
0.583648
0.57293
0.586397
0.593741
0.594134
0.587494
0.625856
0.599679
0.612893
0.650509
0.672493
0.680344
0.681742
0.693367
0.68777
0.674397
0.703057
0.707437
0.702217
0.702044
0.73207
0.699726
0.704099
0.66615
0.688875
0.741204
0.731675
0.729764
0.71637
0.721866
0.725829
0.721174
0.706772
0.635121
0.609547
0.592291
0.606016
0.608097
0.64098
0.693867
0.710976
0.705111
0.689119
0.679503
0.680965
0.705524
0.704476
0.666965
0.635115
0.573338
0.585036
0.601238
0.583039
0.59649
0.615902
0.588024
0.56785
0.549185
0.549676
0.547054
0.544654
0.518076
0.497013
0.492432
0.465064
0.457837
0.463206
0.453485
0.446276
0.386898
0.358286
0.350599
0.334385
0.309238
0.306611
0.298276
0.302469
0.288914
0.268878
0.250937
0.230566
0.229396
0.22724
0.217126
0.194896
0.18255
0.183574
0.168927
0.163462
0.186309
0.178884
0.174717
0.167544
0.16416
0.154794
0.151095
0.139158
0.140056
0.140644
0.134152
0.128829
0.128727
0.123428
0.120051
0.123141
0.119135
0.121184
0.117543
0.112514
0.121551
0.12748
0.125258
0.119099
0.114931
0.124663
0.118989
0.113957
0.108835
0.097341
0.102296
0.100507
0.096072
0.092848
0.091073
0.090069
0.09428
0.093803
0.095815
0.093648
0.091256
0.091962
0.091256
0.091594
0.094886
0.095515
0.092464
0.093556
0.089728
0.088471
0.090267
0.092282
0.085988
0.083463
0.087352
0.087008
0.088929
0.084817
0.098113
0.086884
0.083619
0.083147
0.082566
0.082692
0.085737
0.081626
0.079791
0.075641
0.079202
0.078818
0.083268
0.085656
0.092674
0.088012
0.090097
0.101326
0.108715
0.126531
0.13293
0.141194
0.142611
0.150174
0.162354
0.174662
0.194744
0.194929
0.203077
0.21053
0.219771
0.217517
0.240764
0.260903
0.291619
0.311436
0.297765
0.295733
0.300603
0.359736
0.349524
0.35887
0.346637
0.326545
0.351005
0.369372
0.348199
0.338875
0.349179
0.374139
0.379749
0.400976
0.420593
0.416915
0.421467
0.455625
0.460099
0.449647
0.473736
0.451789
0.419871
0.452575
0.447923
0.455644
0.462403
0.441393
0.436032
0.44832
0.463915
0.481455
0.501289
0.471536
0.468949
0.509493
0.519631
0.514458
0.484283
0.485143
0.476103
0.484058
0.482454
0.487762
0.517588
0.526313
0.518107
0.517365
0.510518
0.507441
0.508112
0.521505
0.49328
0.493009
0.508539
0.508132
0.544766
0.56104
0.53739
0.509844
0.495774
0.497054
0.481921
0.476406
0.502453
0.526933
0.524275
0.52079
0.509235
0.49072
0.508921
0.51444
0.515465
0.495088
0.518515
0.506893
0.502363
0.516065
0.533151
0.520052
0.532419
0.536431
0.53176
0.546387
0.552852
0.537051
0.523113
0.573086
0.58413
0.532303
0.530917
0.517141
0.509706
0.514062
0.541788
0.522948
0.533295
0.513508
0.509479
0.510066
0.480823
0.466609
0.466899
0.485432
0.458547
0.476099
0.5024
0.549347
0.542478
0.606248
0.600442
0.604295
0.608819
0.58999
0.606139
0.623741
0.672794
0.664968
0.699613
0.694966
0.670585
0.693788
0.752196
0.706275
0.691944
0.690084
0.691887
0.698066
0.683918
0.673732
0.675488
0.687739
0.675194
0.682709
0.684632
0.679539
0.689522
0.68112
0.711469
0.676144
0.684786
0.658001
0.65389
0.634631
0.622468
0.654172
0.674064
0.629615
0.613979
0.554395
0.564207
0.587559
0.574653
0.583415
0.570532
0.571705
0.546805
0.552354
0.555327
0.552218
0.536185
0.522997
0.515234
0.506634
0.492092
0.498883
0.485922
0.462239
0.459152
0.447139
0.442908
0.415465
0.426787
0.409847
0.379538
0.363297
0.337081
0.314057
0.293012
0.285987
0.278569
0.243415
0.25447
0.233896
0.244648
0.238013
0.244294
0.224677
0.217118
0.223022
0.21431
0.197385
0.181653
0.172302
0.17363
0.186032
0.176392
0.163323
0.148128
0.136592
0.133775
0.132547
0.132082
0.127953
0.12957
0.120391
0.123982
0.116014
0.117177
0.115027
0.108879
0.097789
0.104579
0.102502
0.103785
0.101938
0.090086
0.10442
0.106214
0.090326
0.083315
0.082195
0.08643
0.082175
0.073768
0.076005
0.073336
0.070762
0.079974
0.073721
0.069784
0.068285
0.066902
0.06601
0.065715
0.064125
0.065124
0.063489
0.068998
0.070189
0.067666
0.063212
0.064177
0.063325
0.06196
0.063807
0.062645
0.063893
0.073309
0.072274
0.071156
0.071742
0.072999
0.067689
0.07082
0.075222
0.068265
0.074137
0.071409
0.070388
0.073576
0.080827
0.076239
0.080931
0.080805
0.08115
0.086123
0.110929
0.128345
0.11173
0.119299
0.131167
0.143658
0.150665
0.15993
0.179696
0.210442
0.227724
0.233558
0.256997
0.275362
0.29354
0.358096
0.380476
0.347368
0.370541
0.361317
0.350701
0.362803
0.407179
0.444497
0.42624
0.418346
0.448292
0.479155
0.483351
0.507875
0.516826
0.513914
0.537547
0.509639
0.497222
0.51136
0.513759
0.530457
0.538138
0.536453
0.536753
0.544093
0.524412
0.530689
0.527676
0.5354
0.542781
0.564025
0.622921
0.565008
0.570327
0.538868
0.564867
0.597347
0.628449
0.619365
0.636009
0.666701
0.667019
0.67234
0.683523
0.630352
0.65077
0.672752
0.710616
0.652641
0.624985
0.589849
0.624244
0.626864
0.626816
0.621902
0.606968
0.608558
0.612628
0.594518
0.578459
0.558589
0.565663
0.537521
0.558871
0.544057
0.563996
0.574781
0.551608
0.542683
0.600502
0.605256
0.582787
0.580068
0.584184
0.614852
0.636839
0.615737
0.606078
0.609545
0.585057
0.606045
0.568838
0.593858
0.570309
0.561642
0.586491
0.58931
0.608972
0.581642
0.585459
0.604809
0.607219
0.624946
0.586195
0.602801
0.583618
0.580108
0.587755
0.573841
0.524502
0.572761
0.556103
0.568925
0.601514
0.571423
0.590376
0.610685
0.565903
0.567186
0.563328
0.584767
0.586877
0.584344
0.612061
0.616301
0.633096
0.648928
0.642893
0.691905
0.648969
0.608272
0.596921
0.577214
0.594578
0.589004
0.617636
0.598795
0.601397
0.59672
0.593224
0.60964
0.577764
0.603848
0.658293
0.659447
0.693234
0.648311
0.6718
0.738257
0.745056
0.767038
0.76275
0.743283
0.772485
0.74987
0.760182
0.76941
0.7033
0.725449
0.695843
0.71384
0.687762
0.684838
0.710603
0.704358
0.662027
0.672718
0.691092
0.674005
0.680693
0.648974
0.632763
0.625239
0.633346
0.61716
0.61072
0.59785
0.574144
0.555442
0.55948
0.506603
0.476083
0.50113
0.512449
0.492409
0.485945
0.458232
0.439377
0.431334
0.400566
0.399204
0.380145
0.343717
0.318141
0.291963
0.29766
0.291735
0.264303
0.268586
0.265331
0.255745
0.246327
0.247199
0.228126
0.23435
0.234617
0.230222
0.226906
0.220556
0.216023
0.230835
0.217859
0.212282
0.196237
0.181759
0.188787
0.178315
0.16614
0.188279
0.159351
0.150133
0.143087
0.136257
0.131701
0.133401
0.130596
0.127437
0.128632
0.123224
0.121436
0.117229
0.120244
0.112799
0.105553
0.100345
0.094972
0.095212
0.089926
0.075208
0.080211
0.078666
0.079535
0.090571
0.079556
0.0889
0.080411
0.077374
0.079739
0.081072
0.080166
0.082744
0.082203
0.080308
0.081035
0.07697
0.076386
0.078975
0.078434
0.07809
0.080266
0.078665
0.076834
0.080784
0.074955
0.074619
0.078975
0.077938
0.074687
0.073009
0.075046
0.074423
0.076021
0.081667
0.083343
0.079632
0.080148
0.079881
0.080778
0.084667
0.090713
0.097614
0.092825
0.080193
0.078913
0.084388
0.069916
0.07552
0.079586
0.083445
0.083864
0.11637
0.117935
0.114748
0.119631
0.146499
0.177583
0.188995
0.179944
0.183591
0.183542
0.213145
0.246414
0.244143
0.220771
0.260373
0.28117
0.322251
0.334271
0.366357
0.351881
0.339856
0.35081
0.366325
0.370301
0.357895
0.335739
0.328651
0.366368
0.398378
0.4022
0.413136
0.397296
0.39513
0.370143
0.422876
0.456719
0.448955
0.458536
0.462873
0.443466
0.456675
0.466741
0.475104
0.477715
0.48016
0.507584
0.532791
0.548796
0.559437
0.598334
0.610221
0.60955
0.640614
0.651292
0.698728
0.729189
0.677761
0.64614
0.668241
0.660147
0.645908
0.64148
0.637159
0.641044
0.612323
0.591602
0.585211
0.575978
0.565852
0.577318
0.580895
0.547638
0.56974
0.603957
0.60512
0.605008
0.582402
0.567391
0.596741
0.58089
0.56476
0.556458
0.542914
0.566621
0.529744
0.530611
0.521235
0.495174
0.526513
0.510058
0.506283
0.489676
0.511747
0.521618
0.531443
0.536317
0.568415
0.606632
0.588152
0.583155
0.580625
0.528263
0.538842
0.527838
0.511128
0.546598
0.550336
0.531547
0.571679
0.570341
0.572308
0.580853
0.578997
0.585747
0.560503
0.556023
0.566123
0.607125
0.601095
0.632019
0.626865
0.626038
0.597446
0.592374
0.605767
0.579498
0.585876
0.576152
0.564329
0.614047
0.59543
0.593115
0.593119
0.596625
0.591017
0.614215
0.646227
0.703666
0.65308
0.651752
0.677048
0.660435
0.701226
0.707232
0.681023
0.670134
0.714648
0.665301
0.662664
0.679763
0.696145
0.707982
0.675367
0.670483
0.686032
0.646606
0.644186
0.662183
0.725604
0.682247
0.64469
0.657064
0.619686
0.634436
0.66683
0.64629
0.645787
0.640332
0.605381
0.625815
0.631528
0.619552
0.586124
0.576135
0.583716
0.584621
0.55757
0.546029
0.543532
0.549993
0.524709
0.525848
0.485375
0.482047
0.474302
0.472115
0.44573
0.393353
0.371518
0.342307
0.340429
0.312399
0.295515
0.282751
0.293924
0.301658
0.259169
0.261949
0.264978
0.231415
0.24275
0.253471
0.26116
0.239328
0.237594
0.227881
0.222536
0.211851
0.209351
0.202438
0.191555
0.190789
0.193325
0.184055
0.182385
0.166925
0.145564
0.123804
0.1223
0.127929
0.130438
0.124636
0.117475
0.113924
0.111125
0.112176
0.116115
0.108597
0.102591
0.104823
0.099905
0.104139
0.103964
0.094812
0.098173
0.097829
0.104393
0.120095
0.111531
0.093101
0.106511
0.102479
0.10572
0.125572
0.120512
0.104004
0.084818
0.08107
0.087047
0.08751
0.087453
0.080711
0.0781
0.078534
0.077327
0.073582
0.076386
0.076745
0.079978
0.087336
0.083518
0.080894
0.076817
0.071876
0.074444
0.077302
0.088717
0.089196
0.090655
0.077673
0.080264
0.080188
0.078117
0.07824
0.07929
0.082937
0.090327
0.095462
0.101491
0.105701
0.107412
0.114827
0.121905
0.13443
0.149767
0.151877
0.146145
0.139749
0.144911
0.147256
0.15578
0.180309
0.197206
0.218448
0.212441
0.222153
0.230223
0.23161
0.212165
0.20684
0.22337
0.232805
0.249049
0.266218
0.255443
0.268303
0.29182
0.32135
0.311275
0.309089
0.344513
0.367072
0.377359
0.380096
0.37232
0.384302
0.391604
0.375675
0.397195
0.425797
0.461045
0.459915
0.440163
0.418957
0.443239
0.453089
0.489574
0.501091
0.496328
0.491184
0.525943
0.525587
0.511768
0.479669
0.501645
0.478063
0.524281
0.567448
0.586914
0.594248
0.5501
0.529202
0.560916
0.58933
0.636093
0.637797
0.643512
0.630317
0.606512
0.575012
0.582405
0.578553
0.553287
0.563821
0.567053
0.561398
0.566931
0.582185
0.59529
0.553515
0.540715
0.530882
0.559522
0.591219
0.631543
0.622442
0.629426
0.598408
0.624931
0.599866
0.566756
0.577925
0.621204
0.617174
0.63114
0.614892
0.603303
0.595266
0.59754
0.605923
0.611881
0.603721
0.560149
0.548407
0.579482
0.544751
0.538908
0.598122
0.568266
0.571024
0.579935
0.569248
0.523515
0.543318
0.53387
0.519189
0.484619
0.518336
0.490369
0.488716
0.495334
0.503218
0.51377
0.527413
0.514962
0.505362
0.530263
0.547852
0.587806
0.590829
0.550578
0.573995
0.563858
0.547726
0.566739
0.568297
0.574803
0.571312
0.571831
0.572777
0.574548
0.576636
0.613581
0.625095
0.652211
0.683056
0.650396
0.694031
0.688406
0.661379
0.637559
0.642463
0.614441
0.639953
0.667469
0.637583
0.614889
0.650031
0.641907
0.619774
0.626605
0.627203
0.621694
0.650372
0.613144
0.599412
0.636482
0.633604
0.632311
0.633088
0.607123
0.564169
0.530984
0.532393
0.5455
0.554878
0.561961
0.564279
0.55026
0.604028
0.602386
0.618152
0.585596
0.577474
0.522539
0.5005
0.482359
0.476143
0.455449
0.460699
0.417811
0.415645
0.370203
0.335368
0.32895
0.32485
0.317678
0.311524
0.292334
0.28204
0.273379
0.288188
0.259591
0.246752
0.234123
0.250126
0.245106
0.231192
0.208479
0.208781
0.218793
0.210404
0.196659
0.192519
0.195783
0.185945
0.196704
0.190944
0.196769
0.172891
0.172176
0.171792
0.171961
0.147526
0.160785
0.153747
0.158784
0.147182
0.149373
0.15784
0.157672
0.149275
0.144575
0.142737
0.145111
0.136241
0.134408
0.136056
0.14832
0.151858
0.143854
0.13601
0.123266
0.132722
0.130953
0.132766
0.123519
0.128665
0.137803
0.128049
0.12204
0.124163
0.124645
0.131701
0.126682
0.11929
0.115364
0.120387
0.115766
0.120794
0.111677
0.114633
0.11802
0.119218
0.115375
0.111721
0.122597
0.11648
0.123025
0.116925
0.122051
0.125943
0.126099
0.118032
0.114539
0.128918
0.122964
0.123282
0.122755
0.125726
0.126345
0.128257
0.133548
0.127987
0.131135
0.139572
0.142288
0.154177
0.161199
0.171237
0.17718
0.19444
0.200541
0.225512
0.233172
0.230461
0.255783
0.25302
0.247457
0.262721
0.297602
0.335952
0.351505
0.358601
0.356051
0.372328
0.404911
0.404446
0.456366
0.466891
0.466942
0.499826
0.489008
0.47253
0.492734
0.514337
0.508039
0.505287
0.564597
0.563645
0.576396
0.621465
0.621642
0.599838
0.571996
0.581454
0.584702
0.589298
0.613958
0.608875
0.596805
0.570494
0.566021
0.58137
0.589659
0.599248
0.560623
0.543273
0.541951
0.572827
0.629652
0.62364
0.635755
0.654406
0.652133
0.664214
0.672711
0.667689
0.675983
0.675546
0.694512
0.714687
0.71084
0.747816
0.726948
0.683074
0.691579
0.70614
0.675357
0.676858
0.678577
0.663895
0.674399
0.717402
0.709976
0.693331
0.68695
0.704243
0.689299
0.692919
0.669909
0.650908
0.642221
0.64566
0.703396
0.688304
0.705001
0.65173
0.6452
0.643116
0.645745
0.648193
0.641015
0.618791
0.631168
0.650912
0.645639
0.651068
0.663299
0.618163
0.627692
0.634909
0.658879
0.639901
0.661208
0.656542
0.676152
0.69234
0.69728
0.685937
0.663517
0.657504
0.640264
0.683296
0.667866
0.685362
0.67089
0.627764
0.604078
0.636521
0.625171
0.660059
0.657753
0.697696
0.698559
0.714013
0.714124
0.722792
0.725414
0.716312
0.741958
0.811306
0.833514
0.819357
0.763708
0.755341
0.799406
0.79351
0.806344
0.790374
0.81478
0.828726
0.766375
0.777892
0.789122
0.79558
0.773369
0.794732
0.808336
0.826452
0.810932
0.802594
0.801123
0.792012
0.830517
0.804331
0.786056
0.7487
0.741786
0.758545
0.741028
0.739352
0.734409
0.709971
0.700739
0.782733
0.821522
0.804667
0.770437
0.763664
0.721344
0.689915
0.682518
0.655576
0.656144
0.674286
0.69076
0.703549
0.723153
0.689973
0.653946
0.657895
0.659578
0.652514
0.643973
0.625586
0.63755
0.613884
0.604877
0.580014
0.535006
0.499877
0.466212
0.456601
0.402682
0.393679
0.358625
0.315014
0.298523
0.297409
0.284932
0.282888
0.292969
0.270699
0.25738
0.256233
0.238862
0.240031
0.235482
0.228892
0.221424
0.212915
0.21179
0.205349
0.23628
0.23593
0.234848
0.233781
0.237318
0.218552
0.187817
0.174489
0.170492
0.15694
0.17258
0.168777
0.158632
0.161067
0.160564
0.152788
0.144748
0.139408
0.139178
0.139021
0.133173
0.136051
0.143936
0.135327
0.126464
0.127121
0.128577
0.136125
0.124824
0.120408
0.111483
0.108536
0.117802
0.119075
0.111855
0.106495
0.10908
0.107336
0.10903
0.106537
0.105197
0.104186
0.103553
0.105827
0.103799
0.103933
0.098601
0.098687
0.097374
0.098814
0.101047
0.108472
0.104314
0.102007
0.100322
0.109868
0.110168
0.118241
0.111866
0.103287
0.118834
0.116236
0.126322
0.122563
0.110914
0.098042
0.10296
0.100231
0.111504
0.117812
0.116922
0.131601
0.133445
0.133596
0.147384
0.167355
0.169857
0.174428
0.178296
0.176794
0.2086
0.22436
0.21245
0.225625
0.240806
0.259032
0.295561
0.295521
0.302316
0.312891
0.337738
0.36527
0.404031
0.441835
0.425642
0.421618
0.446755
0.448029
0.480575
0.501374
0.50821
0.515681
0.549788
0.581829
0.57886
0.585524
0.608454
0.606774
0.590008
0.595165
0.627159
0.631133
0.655724
0.623386
0.57451
0.611474
0.600443
0.613826
0.608955
0.609809
0.586487
0.563088
0.57459
0.595253
0.590838
0.588691
0.626627
0.639442
0.683395
0.70886
0.709296
0.678604
0.698796
0.705081
0.700498
0.699341
0.676326
0.705634
0.699237
0.660594
0.662301
0.655111
0.653256
0.66028
0.662522
0.661987
0.662859
0.663138
0.667984
0.591628
0.581857
0.589834
0.565961
0.580233
0.587393
0.602095
0.618581
0.635443
0.615859
0.6298
0.633989
0.666108
0.647823
0.650458
0.648974
0.651165
0.664077
0.703814
0.668847
0.666846
0.68918
0.678442
0.697782
0.678227
0.70315
0.666541
0.688569
0.700826
0.715735
0.701649
0.675645
0.68616
0.688609
0.670247
0.675764
0.66465
0.656139
0.650753
0.624386
0.650408
0.639326
0.653453
0.656459
0.661442
0.661518
0.676492
0.681454
0.70105
0.743794
0.77484
0.776508
0.767113
0.745912
0.738775
0.744872
0.746509
0.729234
0.708333
0.754777
0.780809
0.778391
0.788452
0.795402
0.757693
0.768039
0.74647
0.702517
0.722038
0.756836
0.75026
0.767547
0.722365
0.705113
0.708716
0.680803
0.654571
0.650633
0.638355
0.637904
0.664588
0.669204
0.65771
0.662421
0.693458
0.670524
0.638237
0.636692
0.659255
0.685182
0.642168
0.65686
0.662003
0.621752
0.593731
0.631698
0.64787
0.650204
0.637832
0.651463
0.635185
0.596846
0.614096
0.60812
0.597164
0.62574
0.568833
0.528172
0.513369
0.514651
0.528777
0.494561
0.481779
0.473122
0.445842
0.423352
0.435028
0.401497
0.376669
0.357135
0.334863
0.319777
0.292201
0.276419
0.247904
0.246974
0.227593
0.228976
0.221953
0.225163
0.208346
0.203426
0.200765
0.206823
0.189899
0.184586
0.167328
0.162441
0.15619
0.158091
0.15312
0.15869
0.15669
0.166361
0.162495
0.150522
0.140106
0.126695
0.131487
0.13525
0.138997
0.127737
0.125062
0.125636
0.114282
0.118556
0.121525
0.119062
0.113339
0.1151
0.109439
0.111583
0.130796
0.13027
0.110622
0.125753
0.118226
0.101243
0.096021
0.094276
0.08896
0.102304
0.084557
0.077353
0.081035
0.081375
0.083786
0.070601
0.070485
0.062398
0.067484
0.07194
0.068613
0.068125
0.073186
0.079517
0.076583
0.079372
0.082227
0.076029
0.074302
0.08114
0.07939
0.073083
0.072442
0.076362
0.075124
0.077587
0.077182
0.076435
0.080177
0.074613
0.07971
0.078078
0.080676
0.088058
0.093167
0.098757
0.105455
0.100834
0.106005
0.122438
0.127467
0.137602
0.153129
0.16859
0.181562
0.20331
0.237171
0.278651
0.256214
0.281411
0.293128
0.310456
0.370347
0.397536
0.4176
0.401979
0.425175
0.396766
0.393504
0.442805
0.420934
0.419036
0.424172
0.429731
0.457905
0.485612
0.51323
0.533099
0.544114
0.539282
0.58236
0.584731
0.571612
0.569215
0.595328
0.589373
0.609941
0.640779
0.632601
0.614205
0.638737
0.63618
0.60509
0.621329
0.596498
0.577805
0.587505
0.564655
0.569127
0.566519
0.603193
0.666459
0.729308
0.670075
0.672927
0.621153
0.649338
0.678398
0.69427
0.673265
0.639642
0.627067
0.678671
0.670558
0.647267
0.657769
0.634983
0.614646
0.619661
0.606039
0.580653
0.557512
0.54543
0.524981
0.516435
0.547116
0.551643
0.52791
0.531832
0.540099
0.545519
0.569252
0.569835
0.555596
0.545985
0.569551
0.56529
0.590584
0.641672
0.630118
0.65728
0.637055
0.662425
0.629807
0.619837
0.628771
0.65212
0.665462
0.67372
0.655488
0.640806
0.642042
0.647618
0.658858
0.662371
0.689226
0.690922
0.648121
0.649932
0.661538
0.677468
0.695303
0.670013
0.685932
0.686449
0.674023
0.66186
0.63374
0.5979
0.634276
0.574752
0.588876
0.595415
0.591482
0.595392
0.594763
0.624158
0.598378
0.596229
0.620052
0.652228
0.664151
0.668314
0.652599
0.648932
0.711184
0.736139
0.701434
0.723756
0.726313
0.716115
0.72293
0.766587
0.722851
0.701035
0.699036
0.68406
0.704723
0.664855
0.667392
0.691821
0.68664
0.674459
0.655516
0.642821
0.655368
0.693873
0.685939
0.641115
0.652931
0.621971
0.640942
0.632839
0.662946
0.654596
0.631218
0.67628
0.626268
0.662214
0.682289
0.685894
0.654728
0.623548
0.613105
0.601047
0.596157
0.63533
0.652519
0.653295
0.623907
0.61158
0.633394
0.577762
0.553163
0.560484
0.543348
0.537182
0.532107
0.509827
0.474938
0.494818
0.485708
0.483998
0.460184
0.459794
