0.006668
0.006724
0.006442
0.005722
0.006006
0.005653
0.00513
0.004877
0.004899
0.005036
0.004758
0.004596
0.004882
0.005261
0.005148
0.005191
0.005226
0.005151
0.005184
0.004956
0.004956
0.004849
0.004721
0.004615
0.004812
0.004423
0.004348
0.004461
0.00436
0.004319
0.004305
0.004246
0.004295
0.00436
0.004488
0.004271
0.004088
0.004167
0.003941
0.003763
0.003788
0.003748
0.003782
0.00379
0.003716
0.003706
0.003793
0.003666
0.003193
0.003244
0.003278
0.003257
0.003657
0.003298
0.003168
0.003053
0.003037
0.00299
0.003093
0.003073
0.003396
0.003502
0.003043
0.003021
0.003026
0.002893
0.003021
0.002975
0.00301
0.002998
0.002934
0.00272
0.002879
0.002934
0.003066
0.002849
0.002815
0.003137
0.003385
0.002894
0.002863
0.002814
0.00273
0.002835
0.003107
0.003228
0.003406
0.003416
0.003711
0.003572
0.003783
0.003906
0.004051
0.004144
0.004269
0.004597
0.005007
0.004955
0.005269
0.00535
0.005576
0.005882
0.006185
0.006787
0.007031
0.007541
0.007507
0.007613
0.007461
0.007417
0.007791
0.008143
0.008138
0.008313
0.008465
0.008279
0.008609
0.008175
0.008361
0.008541
0.008491
0.008517
0.008925
0.009024
0.008848
0.008942
0.009162
0.009258
0.009297
0.009476
0.009372
0.00951
0.00943
0.009478
0.009362
0.009084
0.008618
0.008325
0.008558
0.008223
0.008652
0.00873
0.008602
0.008892
0.008799
0.009145
0.009503
0.009708
0.009605
0.009613
0.009596
0.009662
0.009741
0.01006
0.010208
0.01018
0.010061
0.009907
0.010032
0.010219
0.010114
0.010192
0.010193
0.010417
0.010472
0.010355
0.010305
0.010211
0.010249
0.010074
0.00986
0.009841
0.009841
0.009733
0.00955
0.00944
0.009855
0.010173
0.010046
0.009714
0.009701
0.010054
0.00972
0.009896
0.009927
0.009788
0.009161
0.009433
0.009603
0.009907
0.010235
0.009693
0.009537
0.009432
0.009624
0.009717
0.009805
0.009985
0.010214
0.010089
0.010145
0.010571
0.010117
0.010226
0.010006
0.010227
0.010848
0.010799
0.010801
0.010765
0.010681
0.01056
0.009858
0.009813
0.009608
0.010144
0.010443
0.010178
0.010163
0.010645
0.0109
0.010933
0.011124
0.011044
0.011015
0.010841
0.011288
0.011403
0.011218
0.01104
0.011256
0.010931
0.01092
0.011339
0.011332
0.011555
0.011424
0.011421
0.011247
0.011172
0.011205
0.011101
0.011159
0.011193
0.011216
0.01116
0.010821
0.010862
0.010911
0.010834
0.010873
0.011018
0.011082
0.010908
0.010834
0.011073
0.011046
0.011164
0.011206
0.011261
0.011139
0.011328
0.011122
0.011088
0.010771
0.010859
0.010918
0.011003
0.010905
0.010991
0.010656
0.010554
0.01049
0.01029
0.010591
0.010525
0.010289
0.010423
0.01022
0.009804
0.009677
0.009524
0.009318
0.008983
0.008895
0.008809
0.008496
0.008204
0.007912
0.007576
0.007173
0.007374
0.007666
0.007291
0.007024
0.007037
0.00676
0.006557
0.006285
0.005959
0.005713
0.005545
0.005337
0.005192
0.005249
0.004936
0.004895
0.004923
0.0049
0.005144
0.005268
0.004763
0.004632
0.004608
0.004535
0.004099
0.004177
0.00406
0.004284
0.004164
0.004276
0.004368
0.0041
0.00395
0.003911
0.003823
0.003761
0.003939
0.004082
0.004265
0.004074
0.003814
0.003508
0.003308
0.00345
0.003468
0.003492
0.00355
0.003505
0.00345
0.003409
0.00325
0.003029
0.002937
0.002852
0.002985
0.002887
0.002974
0.002964
0.00279
0.002729
0.002785
0.002729
0.002657
0.002706
0.002584
0.002628
0.002795
0.003003
0.002912
0.003131
0.003245
0.003035
0.00287
0.002941
0.002892
0.002865
0.003047
0.003083
0.003139
0.003155
0.003253
0.00354
0.00358
0.003498
0.003509
0.003387
0.003462
0.003735
0.004056
0.004118
0.004318
0.004809
0.004939
0.005374
0.005638
0.00592
0.005932
0.005778
0.00573
0.005922
0.006307
0.006541
0.007043
0.007676
0.007643
0.007309
0.007467
0.007787
0.008494
0.008749
0.008817
0.008632
0.008776
0.008749
0.00877
0.008912
0.009527
0.009818
0.009825
0.009757
0.009636
0.009012
0.008802
0.008828
0.008889
0.008945
0.009146
0.009283
0.009268
0.009191
0.009378
0.009546
0.009445
0.009435
0.009726
0.00937
0.009464
0.009211
0.009446
0.009667
0.009748
0.009464
0.009006
0.00918
0.009438
0.009823
0.010049
0.010218
0.010337
0.010139
0.010098
0.010077
0.010719
0.010851
0.010272
0.009929
0.010112
0.009878
0.009998
0.010158
0.010412
0.009886
0.009836
0.009633
0.009727
0.009948
0.0099
0.009789
0.009929
0.010214
0.010409
0.010365
0.009993
0.009926
0.009888
0.010055
0.010023
0.009901
0.009647
0.009641
0.009862
0.010061
0.010164
0.010075
0.009744
0.009575
0.009949
0.009962
0.010192
0.01022
0.010041
0.00994
0.010036
0.010151
0.010821
0.010518
0.010188
0.009912
0.010318
0.010304
0.010184
0.010445
0.010677
0.0102
0.009962
0.009932
0.009819
0.009885
0.009899
0.010113
0.010128
0.010236
0.010048
0.010228
0.010415
0.010366
0.01001
0.010319
0.010423
0.01056
0.010622
0.010856
0.010793
0.010838
0.011108
0.011096
0.011014
0.010973
0.010915
0.011
0.011368
0.011411
0.011266
0.011182
0.01135
0.011386
0.011379
0.01134
0.011421
0.011452
0.011568
0.011492
0.011437
0.011199
0.011189
0.011132
0.010977
0.010992
0.01123
0.011348
0.01128
0.011154
0.01125
0.01138
0.011357
0.011573
0.011547
0.011407
0.01128
0.011275
0.011168
0.01114
0.011017
0.011126
0.011044
0.011233
0.01131
0.011194
0.011157
0.011141
0.011193
0.011211
0.01123
0.011288
0.011154
0.011154
0.011248
0.011203
0.011321
0.011101
0.010892
0.010847
0.01065
0.010545
0.010249
0.009918
0.009798
0.009475
0.009125
0.008388
0.008264
0.007621
0.007692
0.007622
0.007632
0.008038
0.008095
0.007831
0.007384
0.007151
0.007347
0.007153
0.007191
0.007268
0.006732
0.006398
0.006396
0.006355
0.006364
0.006148
0.005898
0.005769
0.00577
0.005671
0.0055
0.005368
0.005199
0.005463
0.00545
0.005553
0.005366
0.005201
0.004782
0.004524
0.004243
0.004284
0.004343
0.004318
0.004224
0.004313
0.004193
0.004316
0.004598
0.004956
0.005449
0.005328
0.005543
0.005768
0.005069
0.004505
0.00445
0.004445
0.004529
0.004389
0.004484
0.00461
0.004634
0.004378
0.004433
0.004492
0.004352
0.004368
0.004282
0.0043
0.004296
0.004311
0.004397
0.004453
0.004242
0.004291
0.004361
0.004157
0.004181
0.00422
0.004191
0.004236
0.004175
0.004278
0.004351
0.004336
0.004
0.003881
0.003934
0.004148
0.003899
0.003853
0.003941
0.004221
0.00456
0.005001
0.005075
0.005273
0.005337
0.005631
0.005391
0.005631
0.0061
0.006155
0.006445
0.006813
0.006694
0.006871
0.006816
0.006769
0.006839
0.007437
0.007638
0.007555
0.007794
0.008064
0.008392
0.008622
0.008392
0.008605
0.00889
0.008827
0.008876
0.008922
0.009121
0.00917
0.009227
0.009326
0.009435
0.010009
0.010253
0.010198
0.010021
0.010055
0.010093
0.010367
0.010208
0.010159
0.01054
0.010575
0.010794
0.010682
0.010751
0.010746
0.010779
0.010779
0.010798
0.010897
0.011107
0.01119
0.011285
0.011178
0.011024
0.010958
0.011049
0.01105
0.011245
0.011128
0.010754
0.010657
0.010481
0.010472
0.010571
0.010691
0.010999
0.01068
0.010606
0.010461
0.010235
0.010094
0.010102
0.010443
0.010855
0.010739
0.010795
0.010886
0.010924
0.01111
0.011328
0.011189
0.010924
0.010907
0.010968
0.010971
0.010962
0.011125
0.011204
0.011524
0.011781
0.012069
0.012431
0.012622
0.012602
0.012601
0.013076
0.013559
0.013936
0.013988
0.01445
0.014427
0.013604
0.013187
0.01306
0.013581
0.015147
0.015709
0.016092
0.016293
0.016698
0.016994
0.016369
0.014885
0.013862
0.013838
0.014532
0.015422
0.015882
0.01624
0.016475
0.016061
0.01459
0.013819
0.013519
0.012746
0.012272
0.011711
0.011683
0.011552
0.011232
0.011164
0.011014
0.011266
0.011588
0.011952
0.011781
0.011808
0.011794
0.011839
0.011704
0.011742
0.012001
0.012074
0.012155
0.012179
0.012133
0.012184
0.012229
0.012264
0.012169
0.012085
0.012247
0.012178
0.01221
0.012461
0.0126
0.012502
0.012553
0.012613
0.012532
0.012481
0.012174
0.012103
0.012506
0.01257
0.012326
0.012144
0.012083
0.012051
0.012277
0.012145
0.012244
0.012211
0.012249
0.012286
0.012167
0.012147
0.012171
0.011915
0.012046
0.011984
0.012088
0.012185
0.011996
0.011665
0.011462
0.011299
0.011122
0.01076
0.010409
0.010391
0.010392
0.010381
0.010344
0.00995
0.010046
0.010261
0.010391
0.01031
0.010219
0.010007
0.009805
0.009613
0.009474
0.009396
0.009376
0.009309
0.009101
0.009025
0.008977
0.00896
0.008797
0.008715
0.008643
0.008696
0.008534
0.008389
0.008178
0.008325
0.008343
0.00813
0.00804
0.007969
0.007644
0.007301
0.007142
0.007046
0.0071
0.00716
0.007433
0.007119
0.006719
0.006399
0.006011
0.00588
0.005721
0.005557
0.005519
0.005451
0.005401
0.005236
0.005144
0.005195
0.004994
0.004926
0.004878
0.004781
0.00478
0.004787
0.004672
0.004569
0.004475
0.00441
0.004495
0.004439
0.004268
0.003781
0.003777
0.00366
0.003693
0.003666
0.003744
0.003888
0.003868
0.00391
0.004016
0.004059
0.004064
0.004201
0.003852
0.003861
0.003907
0.003917
0.003776
0.003744
0.003819
0.003937
0.004323
0.004715
0.004543
0.004174
0.004071
0.004243
0.004558
0.004422
0.004546
0.004691
0.004817
0.004795
0.004823
0.005444
0.005836
0.005942
0.005989
0.005932
0.005626
0.005686
0.006179
0.006687
0.007067
0.007346
0.007671
0.007895
0.008214
0.008367
0.008561
0.008898
0.009211
0.009439
0.009504
0.009489
0.00982
0.01028
0.010679
0.010759
0.010801
0.010855
0.010941
0.011007
0.011276
0.011373
0.01137
0.011489
0.011586
0.011354
0.010726
0.01104
0.011261
0.011151
0.011082
0.011248
0.011346
0.011463
0.011537
0.011586
0.01157
0.011517
0.011567
0.01169
0.01165
0.011493
0.011504
0.011448
0.011828
0.011815
0.011656
0.0116
0.011406
0.011314
0.011327
0.01138
0.011521
0.011272
0.011099
0.010865
0.011021
0.011101
0.01112
0.010886
0.010889
0.011021
0.011149
0.010917
0.010931
0.011033
0.010965
0.01094
0.010859
0.010952
0.011034
0.010975
0.010961
0.011131
0.011276
0.011314
0.011434
0.011247
0.011201
0.011186
0.011427
0.011452
0.011378
0.011044
0.01107
0.011157
0.011101
0.011078
0.011039
0.011088
0.011121
0.010988
0.011048
0.010992
0.010949
0.011019
0.010904
0.011037
0.011476
0.011458
0.011297
0.011343
0.011506
0.011355
0.011222
0.011147
0.01105
0.01103
0.011057
0.011117
0.011338
0.01112
0.011198
0.01137
0.011432
0.011544
0.011724
0.012028
0.012199
0.012068
0.012017
0.012018
0.01216
0.012608
0.01285
0.012831
0.012642
0.012461
0.012322
0.012084
0.012015
0.011909
0.011844
0.011987
0.012223
0.012321
0.012288
0.012048
0.011912
0.011997
0.012007
0.011951
0.012009
0.012307
0.012312
0.012155
0.012087
0.012021
0.011834
0.011809
0.011926
0.01214
0.012077
0.011864
0.011684
0.011661
0.011897
0.01198
0.01185
0.011846
0.011582
0.0114
0.011419
0.011287
0.01134
0.011292
0.011191
0.011271
0.011238
0.011202
0.011272
0.011226
0.010888
0.010593
0.010324
0.009988
0.009798
0.009923
0.009846
0.00962
0.009378
0.009124
0.00874
0.008361
0.008283
0.00829
0.007863
0.007572
0.007457
0.007242
0.006894
0.006505
0.006423
0.006368
0.006197
0.005839
0.005691
0.00561
0.005531
0.005274
0.004855
0.004508
0.00444
0.004467
0.004116
0.004288
0.00449
0.004718
0.004036
0.003976
0.003821
0.003728
0.003522
0.003418
0.003483
0.003601
0.003761
0.003732
0.0036
0.003718
0.003957
0.003659
0.003223
0.003243
0.00313
0.003157
0.003177
0.003068
0.003085
0.003075
0.003182
0.003305
0.003071
0.003139
0.002989
0.002986
0.003204
0.003425
0.003319
0.003112
0.00304
0.00289
0.002906
0.002838
0.002788
0.002803
0.002752
0.002679
0.002676
0.002772
0.002905
0.003034
0.002974
0.003023
0.003076
0.003087
0.003228
0.003184
0.003221
0.003183
0.003096
0.003108
0.003144
0.003182
0.003198
0.003108
0.003093
0.00327
0.003268
0.003302
0.003442
0.003366
0.003444
0.00373
0.004002
0.004091
0.004144
0.004327
0.004411
0.004684
0.005434
0.005618
0.006045
0.006638
0.007167
0.007418
0.007617
0.007508
0.007725
0.008013
0.007987
0.008156
0.008408
0.008661
0.008809
0.008807
0.008854
0.009161
0.009435
0.009515
0.009668
0.009865
0.009456
0.009456
0.009795
0.009951
0.009994
0.010131
0.010267
0.010166
0.010249
0.010137
0.009954
0.009656
0.009522
0.009693
0.00971
0.009771
0.009877
0.009791
0.009828
0.010004
0.010036
0.009979
0.010158
0.010439
0.010801
0.010859
0.010888
0.010799
0.010522
0.010376
0.010491
0.01054
0.010388
0.010009
0.009744
0.009684
0.009853
0.010153
0.009973
0.009571
0.009425
0.009358
0.009424
0.009472
0.009769
0.009744
0.009518
0.00958
0.009885
0.010159
0.010182
0.010172
0.00974
0.009366
0.009683
0.009963
0.009949
0.009878
0.009653
0.009597
0.009563
0.009536
0.009479
0.009604
0.00967
0.00948
0.009373
0.009231
0.009326
0.009609
0.009809
0.010096
0.01001
0.009681
0.00973
0.009953
0.009829
0.009567
0.009791
0.010054
0.010003
0.009924
0.010057
0.010181
0.010262
0.010346
0.01027
0.010033
0.009952
0.010226
0.010549
0.010567
0.010487
0.010418
0.010507
0.010599
0.010747
0.011183
0.011486
0.011469
0.01171
0.011603
0.011277
0.01103
0.01139
0.011531
0.011204
0.010907
0.011206
0.011241
0.011268
0.011379
0.011283
0.011306
0.011629
0.011538
0.011212
0.011011
0.010958
0.011061
0.011043
0.010906
0.010873
0.010858
0.010959
0.010929
0.010849
0.010672
0.010559
0.010663
0.010587
0.010375
0.010224
0.010419
0.010401
0.010079
0.010075
0.010178
0.010029
0.010134
0.010305
0.010283
0.010263
0.010192
0.010196
0.010219
0.010127
0.010076
0.010162
0.010074
0.010069
0.010171
0.010193
0.01018
0.010171
0.010055
0.009755
0.009473
0.009565
0.009619
0.009475
0.00922
0.008995
0.009055
0.008745
0.00832
0.008011
0.007754
0.007521
0.007402
0.006887
0.006707
0.006611
0.006555
0.00692
0.007244
0.006539
0.006134
0.005999
0.005814
0.0057
0.005719
0.005715
0.0055
0.005418
0.005511
0.005384
0.005279
0.005335
0.005382
0.005249
0.004897
0.004732
0.004767
0.004717
0.004592
0.004405
0.004292
0.004161
0.004123
0.004143
0.004109
0.003972
0.003842
0.003808
0.004046
0.004318
0.004198
0.003833
0.003677
0.00356
0.003335
0.003205
0.003122
0.003063
0.0031
0.003226
0.003179
0.00305
0.003045
0.00296
0.003003
0.003061
0.002992
0.003081
0.003091
0.003055
0.003086
0.003124
0.003074
0.002966
0.002872
0.002815
0.003053
0.003363
0.003296
0.003148
0.003073
0.003306
0.003476
0.003499
0.003431
0.003201
0.003082
0.003076
0.003006
0.002932
0.002897
0.002897
0.002887
0.002947
0.003001
0.003041
0.003135
0.003521
0.003843
0.003642
0.003439
0.003575
0.003706
0.003769
0.00393
0.004181
0.004518
0.004851
0.004932
0.004936
0.005422
0.005715
0.005934
0.00622
0.006589
0.006872
0.007226
0.007929
0.008274
0.008132
0.007998
0.008004
0.008268
0.00837
0.008357
0.00841
0.008487
0.008759
0.008849
0.00875
0.008576
0.008429
0.00854
0.008783
0.008781
0.008793
0.008744
0.008772
0.008788
0.008739
0.00896
0.0092
0.009202
0.009179
0.009333
0.009301
0.009025
0.008905
0.008935
0.008963
0.009271
0.009462
0.009433
0.009627
0.009645
0.009839
0.009874
0.009709
0.009761
0.009835
0.009992
0.009864
0.00974
0.009892
0.009888
0.00996
0.010155
0.009964
0.009665
0.009522
0.009074
0.008727
0.009051
0.009359
0.009317
0.009134
0.009202
0.009378
0.009244
0.009387
0.009465
0.009546
0.009733
0.009678
0.009438
0.009752
0.010044
0.009939
0.009887
0.009736
0.009586
0.009596
0.009703
0.009864
0.009685
0.009409
0.009423
0.009487
0.009457
0.009566
0.009592
0.009868
0.010207
0.010061
0.009765
0.009695
0.009795
0.009694
0.009701
0.009825
0.009749
0.009965
0.010182
0.009978
0.009826
0.009976
0.010092
0.010097
0.009983
0.010085
0.009912
0.009763
0.009583
0.009901
0.010097
0.010154
0.010068
0.009996
0.010214
0.010397
0.010455
0.010646
0.010747
0.010622
0.010519
0.01048
0.010548
0.010522
0.010723
0.01091
0.010738
0.010616
0.010732
0.01083
0.010879
0.010977
0.010917
0.010823
0.010741
0.01056
0.010462
0.010613
0.010937
0.011156
0.011057
0.011099
0.011267
0.011278
0.011174
0.011016
0.011284
0.011399
0.011418
0.011379
0.011214
0.011093
0.011219
0.011175
0.011101
0.011135
0.011152
0.010952
0.010817
0.010835
0.010773
0.010664
0.010587
0.010443
0.010308
0.010171
0.010223
0.010164
0.010112
0.010289
0.010386
0.010406
0.010315
0.010059
0.009732
0.009575
0.009553
0.009414
0.009407
0.009406
0.00934
0.009042
0.008631
0.008175
0.007907
0.008006
0.007876
0.007527
0.007317
0.007117
0.006863
0.006757
0.007033
0.007064
0.006724
0.006495
0.006397
0.006465
0.006311
0.006254
0.006216
0.006165
0.005795
0.005317
0.005062
0.00515
0.005218
0.005033
0.004917
0.004899
0.00478
0.004761
0.004787
0.004634
0.004702
0.005097
0.005199
0.005153
0.004977
0.004707
0.00434
0.004206
0.004275
0.00457
0.004483
0.004264
0.004135
0.004021
0.004083
0.004297
0.004244
0.004185
0.004021
0.004134
0.004553
0.004651
0.004264
0.00405
0.003691
0.003469
0.003433
0.00339
0.003343
0.003345
0.003312
0.003279
0.003264
0.00329
0.00334
0.003282
0.003229
0.003175
0.002864
0.003087
0.003049
0.002946
0.002896
0.003032
0.003428
0.003413
0.003229
0.003298
0.003218
0.003227
0.003264
0.003292
0.003342
0.003467
0.003708
0.003878
0.003896
0.003946
0.004187
0.004338
0.004468
0.004653
0.005127
0.005303
0.005286
0.005435
0.005668
0.005867
0.00591
0.006102
0.006779
0.007035
0.006924
0.007237
0.007309
0.007279
0.007717
0.008166
0.008302
0.008692
0.00875
0.008701
0.008889
0.008877
0.008672
0.00884
0.009596
0.010065
0.009826
0.009657
0.009725
0.009588
0.009502
0.009789
0.010182
0.010519
0.010377
0.010438
0.010801
0.010928
0.010955
0.010948
0.010853
0.010813
0.01061
0.010182
0.009966
0.009985
0.010025
0.010025
0.009928
0.0101
0.010336
0.010452
0.010321
0.010185
0.010119
0.010307
0.010831
0.011058
0.011096
0.01104
0.01087
0.010894
0.010758
0.010453
0.010519
0.010774
0.010822
0.010408
0.01024
0.010316
0.010266
0.010456
0.010528
0.010447
0.010241
0.009964
0.009879
0.009873
0.009874
0.009876
0.009874
0.009825
0.009825
0.009634
0.009593
0.009745
0.010071
0.010296
0.010401
0.010588
0.010519
0.010319
0.010503
0.010615
0.010773
0.01081
0.010782
0.010603
0.010444
0.01034
0.010239
0.010095
0.010247
0.010448
0.010516
0.010197
0.010134
0.010298
0.010151
0.010001
0.009827
0.00975
0.009717
0.009749
0.009856
0.009797
0.009834
0.009807
0.010033
0.010262
0.01011
0.010239
0.010276
0.010298
0.010217
0.009986
0.010141
0.010302
0.010334
0.010585
0.010752
0.010627
0.010552
0.010543
0.01044
0.010417
0.010693
0.010789
0.010848
0.010802
0.010954
0.011148
0.01114
0.010998
0.010943
0.011065
0.01102
0.010923
0.010795
0.010944
0.011336
0.011217
0.011019
0.010616
0.010609
0.010418
0.010474
0.009747
0.010314
0.010586
0.010886
0.011086
0.011005
0.010936
0.010984
0.010958
0.010984
0.011056
0.010946
0.010546
0.010288
0.010443
0.010468
0.010426
0.010568
0.010427
0.010206
0.010184
0.01013
0.010123
0.010196
0.010096
0.009956
0.009884
0.00974
0.009631
0.009647
0.009583
0.009598
0.009333
0.008942
0.008786
0.008818
0.003902
