0.2427
0.2573
0.218
0.1936
0.1979
0.1685
0.1619
0.126
0.1401
0.1341
0.1248
0.149
0.161
0.166
0.1495
0.1622
0.1636
0.152
0.156
0.1568
0.1512
0.1445
0.1377
0.1322
0.1478
0.1329
0.1184
0.1295
0.1207
0.1198
0.1165
0.1161
0.125
0.123
0.1291
0.1211
0.1147
0.1161
0.1148
0.1027
0.1026
0.1015
0.1091
0.1074
0.0959
0.0959
0.0985
0.1006
0.0823
0.0835
0.0826
0.0851
0.1048
0.0945
0.0844
0.0808
0.08
0.0779
0.0834
0.0811
0.0987
0.092
0.0883
0.0795
0.0796
0.0774
0.0798
0.0786
0.078
0.0779
0.0794
0.0757
0.0797
0.0799
0.0818
0.0813
0.0755
0.086
0.1099
0.0869
0.0807
0.0771
0.0748
0.0784
0.094
0.1026
0.1008
0.1018
0.1217
0.106
0.1153
0.1174
0.1196
0.1246
0.1509
0.1488
0.1687
0.1546
0.1739
0.1816
0.1841
0.2168
0.2109
0.2498
0.2692
0.3144
0.3226
0.3097
0.3195
0.3259
0.352
0.3842
0.3833
0.3947
0.4039
0.3752
0.3886
0.3834
0.4107
0.4331
0.425
0.4092
0.4588
0.4788
0.4544
0.464
0.4482
0.4737
0.5044
0.5392
0.5425
0.5676
0.5529
0.5512
0.5997
0.5495
0.5303
0.4862
0.5063
0.4464
0.4161
0.4322
0.4181
0.47
0.4602
0.4778
0.5241
0.5186
0.5076
0.5017
0.5084
0.5238
0.5578
0.5791
0.5957
0.6153
0.5809
0.5427
0.5759
0.5796
0.5288
0.5359
0.5537
0.554
0.5593
0.5233
0.5262
0.5424
0.5424
0.5618
0.5545
0.5313
0.5619
0.5376
0.51
0.504
0.5455
0.582
0.5924
0.6074
0.5817
0.5958
0.5793
0.5918
0.5836
0.5539
0.5329
0.5722
0.5763
0.5997
0.6234
0.6378
0.5846
0.5558
0.5812
0.6143
0.6132
0.5889
0.6155
0.5928
0.5617
0.6062
0.6261
0.5911
0.5778
0.6223
0.6318
0.6133
0.6078
0.5739
0.5837
0.5596
0.5475
0.5545
0.5367
0.5955
0.5647
0.5886
0.5703
0.5696
0.6285
0.658
0.6708
0.7026
0.7025
0.6746
0.7291
0.7221
0.7117
0.6531
0.7054
0.679
0.6848
0.7677
0.7906
0.8228
0.7955
0.7709
0.7538
0.7166
0.694
0.7396
0.7169
0.7446
0.7165
0.7314
0.6644
0.7031
0.6811
0.6866
0.6709
0.7147
0.703
0.6658
0.663
0.7089
0.6529
0.6601
0.6656
0.7243
0.6615
0.744
0.6664
0.6445
0.6518
0.6602
0.6653
0.5881
0.5884
0.5932
0.6256
0.5788
0.5903
0.5238
0.6303
0.5767
0.5354
0.5634
0.4995
0.5004
0.49
0.4433
0.4247
0.4182
0.3997
0.4177
0.3546
0.3127
0.3291
0.2876
0.2409
0.2598
0.3039
0.2769
0.2474
0.2437
0.2258
0.2373
0.1999
0.1952
0.1787
0.1747
0.1755
0.1525
0.1725
0.1611
0.1506
0.1463
0.1455
0.1588
0.169
0.1447
0.1306
0.1259
0.1346
0.1238
0.1224
0.1193
0.141
0.1192
0.1245
0.1313
0.1187
0.1148
0.108
0.1081
0.103
0.1065
0.1135
0.1532
0.1229
0.1251
0.1022
0.0936
0.098
0.0905
0.1015
0.0964
0.1032
0.0963
0.0907
0.0883
0.0846
0.0766
0.0781
0.0876
0.0777
0.0865
0.0814
0.0835
0.0752
0.0747
0.0738
0.0706
0.0734
0.0707
0.0711
0.0761
0.0835
0.0803
0.0924
0.0991
0.0913
0.0846
0.0852
0.0837
0.0796
0.0884
0.0874
0.0899
0.0967
0.1011
0.1219
0.1101
0.1111
0.108
0.0996
0.1054
0.1066
0.12
0.1316
0.1379
0.1768
0.1668
0.1819
0.1826
0.2058
0.2024
0.2077
0.1989
0.209
0.2325
0.2569
0.2823
0.3226
0.3225
0.3478
0.3497
0.3682
0.4154
0.3955
0.4161
0.418
0.436
0.4368
0.4453
0.4411
0.4874
0.496
0.5113
0.5278
0.5264
0.5094
0.4712
0.4484
0.503
0.5546
0.5206
0.5447
0.5115
0.5025
0.4908
0.536
0.5118
0.5037
0.5503
0.5145
0.5223
0.5474
0.527
0.5179
0.5496
0.5423
0.5193
0.5554
0.5667
0.5895
0.5721
0.6038
0.6345
0.634
0.6103
0.5786
0.6895
0.6248
0.5553
0.5268
0.5422
0.5483
0.5471
0.5823
0.6304
0.5631
0.5906
0.6487
0.5778
0.5791
0.5843
0.5778
0.5814
0.5353
0.5809
0.5953
0.5828
0.5658
0.5749
0.5648
0.5583
0.5753
0.5471
0.5184
0.5389
0.5698
0.5977
0.6691
0.5187
0.5136
0.5706
0.568
0.6255
0.5596
0.5636
0.572
0.6087
0.5733
0.6048
0.6448
0.5647
0.561
0.6487
0.6308
0.6195
0.6135
0.6383
0.5934
0.578
0.5537
0.5457
0.534
0.5609
0.5691
0.5753
0.5481
0.5175
0.5548
0.6053
0.6118
0.569
0.614
0.6034
0.6353
0.6525
0.6648
0.7299
0.6617
0.7375
0.6923
0.7177
0.6828
0.6749
0.6784
0.7191
0.7116
0.7138
0.772
0.7459
0.7129
0.8032
0.7599
0.7891
0.794
0.8152
0.8156
0.783
0.7196
0.7345
0.7129
0.7051
0.7106
0.7649
0.815
0.7523
0.7516
0.7224
0.7295
0.7444
0.7689
0.7585
0.7418
0.6884
0.7376
0.6749
0.6485
0.6678
0.671
0.6809
0.6801
0.7054
0.6503
0.6675
0.6822
0.6876
0.6586
0.7203
0.7275
0.6424
0.6538
0.6235
0.6563
0.6774
0.6577
0.6073
0.6123
0.5784
0.5505
0.5433
0.4516
0.4758
0.415
0.4031
0.341
0.3165
0.2773
0.2543
0.2764
0.2352
0.2798
0.3067
0.265
0.2342
0.2587
0.2311
0.2193
0.2304
0.2551
0.2134
0.2286
0.192
0.1883
0.1877
0.18
0.1724
0.1615
0.1653
0.1632
0.154
0.1481
0.1409
0.1608
0.1513
0.1491
0.1453
0.1442
0.1255
0.1342
0.0969
0.0967
0.0989
0.1045
0.103
0.1032
0.0979
0.1176
0.1527
0.1393
0.1925
0.1425
0.1486
0.1786
0.14
0.1273
0.1127
0.1132
0.1222
0.11
0.1154
0.1189
0.1186
0.1146
0.1139
0.1158
0.1138
0.1145
0.1092
0.111
0.1088
0.1094
0.1174
0.1159
0.1124
0.1092
0.1224
0.1119
0.1046
0.1081
0.1074
0.1115
0.1094
0.1119
0.111
0.1142
0.1084
0.0992
0.1101
0.1307
0.1102
0.1033
0.1083
0.1378
0.1281
0.1689
0.1609
0.1669
0.1729
0.1791
0.1712
0.1677
0.2198
0.2151
0.2169
0.2261
0.2316
0.2903
0.2675
0.2412
0.2447
0.2921
0.3098
0.3086
0.3524
0.4055
0.3928
0.4256
0.4513
0.4326
0.5301
0.4818
0.464
0.4304
0.4497
0.5068
0.4803
0.5342
0.475
0.5556
0.5969
0.6317
0.617
0.5869
0.5939
0.643
0.6071
0.5459
0.6468
0.6263
0.6115
0.6048
0.6303
0.5846
0.6306
0.6286
0.6243
0.656
0.6854
0.7112
0.7597
0.7484
0.7353
0.7404
0.7687
0.7421
0.7228
0.7432
0.7176
0.7188
0.6773
0.6487
0.6684
0.6618
0.834
0.7495
0.6689
0.6447
0.6227
0.5849
0.6063
0.6085
0.7194
0.6177
0.6057
0.5964
0.5867
0.6103
0.6583
0.7139
0.6079
0.6139
0.6648
0.6878
0.6959
0.7007
0.7152
0.7925
0.7823
0.7553
0.8126
0.8078
0.8129
0.7802
0.7923
0.8226
0.854
0.8463
0.8442
0.8675
0.8043
0.7985
0.7871
0.8497
0.9765
0.961
0.9802
0.9827
0.9832
0.9631
0.9522
0.8924
0.8726
0.8569
0.9219
0.9646
0.9688
1.01
0.9554
0.9785
0.9456
0.8673
0.8521
0.8177
0.8378
0.8877
0.8119
0.7587
0.704
0.7122
0.7723
0.797
0.8037
0.8318
0.8319
0.8165
0.8104
0.8785
0.8439
0.8476
0.8654
0.8845
0.8888
0.9152
0.9747
0.9708
0.9046
0.9491
0.9438
0.95
0.9305
0.8977
0.9076
0.9904
1.005
0.9917
0.978
1.0221
1.0422
1.0081
0.9371
0.9282
0.8999
0.9084
0.9219
0.8512
0.8199
0.8183
0.8179
0.8297
0.8496
0.8651
0.8736
0.8709
0.8693
0.9448
0.8942
0.8403
0.7951
0.7959
0.8339
0.8449
0.8654
0.7548
0.751
0.6892
0.6823
0.6295
0.5836
0.5717
0.5304
0.5297
0.5391
0.5075
0.4818
0.4927
0.5209
0.4906
0.4887
0.4671
0.4512
0.4193
0.3867
0.387
0.3902
0.3987
0.3568
0.3605
0.3392
0.354
0.3393
0.3295
0.322
0.3451
0.3259
0.3231
0.295
0.3077
0.3163
0.3032
0.3057
0.309
0.265
0.2624
0.2296
0.2189
0.2286
0.2219
0.2794
0.2357
0.2421
0.2044
0.1914
0.1822
0.1762
0.1742
0.1655
0.1505
0.1543
0.1509
0.1396
0.1493
0.1494
0.1333
0.1322
0.1289
0.1255
0.1291
0.1285
0.1222
0.1261
0.1094
0.1231
0.1205
0.1317
0.1107
0.0974
0.0922
0.0921
0.0941
0.0985
0.1022
0.1032
0.1023
0.108
0.1073
0.1047
0.1302
0.1119
0.0993
0.1035
0.1048
0.1041
0.1002
0.1
0.1026
0.1136
0.1452
0.1344
0.1261
0.1159
0.1087
0.144
0.1198
0.1177
0.1193
0.1236
0.1369
0.1408
0.1687
0.1769
0.1735
0.1825
0.1837
0.1727
0.1671
0.1805
0.2154
0.2379
0.2762
0.2751
0.3076
0.2954
0.3221
0.3588
0.3554
0.3802
0.3986
0.4054
0.4618
0.4332
0.4979
0.5649
0.6103
0.6073
0.6392
0.6611
0.6311
0.6599
0.7449
0.7613
0.7274
0.7636
0.7045
0.698
0.629
0.7048
0.7309
0.6898
0.7466
0.7386
0.7469
0.7562
0.7818
0.7703
0.7369
0.7984
0.8116
0.7959
0.7853
0.7751
0.8124
0.809
0.81
0.8342
0.8162
0.7831
0.7842
0.7905
0.8064
0.8069
0.857
0.8009
0.7443
0.8033
0.78
0.8106
0.76
0.7569
0.7905
0.7868
0.7361
0.7056
0.7596
0.7573
0.749
0.7174
0.7366
0.7713
0.7433
0.7661
0.7493
0.7722
0.8101
0.7978
0.7732
0.7838
0.8023
0.7674
0.7706
0.7791
0.7106
0.7336
0.7555
0.7641
0.711
0.7191
0.7064
0.7465
0.6918
0.6774
0.6983
0.6759
0.7485
0.7182
0.6998
0.7366
0.7254
0.7772
0.7624
0.8066
0.7728
0.7726
0.7269
0.7472
0.6622
0.6772
0.6904
0.756
0.7368
0.791
0.8152
0.7615
0.789
0.8019
0.8395
0.9203
0.9486
0.8772
0.8305
0.8189
0.8653
0.895
0.8996
0.9198
0.9469
0.9472
0.8892
0.8774
0.8599
0.8382
0.8249
0.8763
0.9267
0.869
0.8431
0.8573
0.8773
0.849
0.857
0.8857
0.9066
0.9468
0.9445
0.8998
0.8973
0.8455
0.8415
0.8785
0.9082
0.928
0.9355
0.9119
0.8552
0.9446
0.8551
0.8679
0.8592
0.8193
0.7538
0.7609
0.7199
0.7319
0.7589
0.7383
0.6511
0.6511
0.6422
0.6443
0.6504
0.6617
0.5908
0.5819
0.5562
0.511
0.5361
0.5328
0.4962
0.4465
0.4179
0.358
0.3661
0.3179
0.319
0.2772
0.2655
0.2603
0.2412
0.2307
0.2127
0.2255
0.1949
0.1916
0.1843
0.1722
0.1615
0.1766
0.1581
0.149
0.1386
0.1222
0.1236
0.1223
0.1254
0.1401
0.2023
0.1487
0.1322
0.1033
0.109
0.0954
0.0908
0.0905
0.0908
0.1038
0.1017
0.0958
0.0951
0.1493
0.1111
0.0973
0.0844
0.0821
0.0814
0.0858
0.0743
0.0804
0.0777
0.0795
0.0929
0.0837
0.0851
0.0784
0.0747
0.0782
0.1011
0.0826
0.0837
0.0848
0.0766
0.0788
0.0727
0.0708
0.0715
0.0705
0.07
0.0702
0.0717
0.0722
0.079
0.0758
0.0812
0.087
0.0785
0.0919
0.0824
0.0808
0.0811
0.0825
0.0805
0.081
0.0834
0.0838
0.0829
0.0785
0.0857
0.0864
0.0834
0.0953
0.0909
0.0927
0.0969
0.1184
0.106
0.1123
0.132
0.1299
0.1275
0.1776
0.2082
0.2011
0.2238
0.2764
0.306
0.3788
0.3188
0.3131
0.2975
0.296
0.3061
0.3186
0.3492
0.3661
0.4248
0.4082
0.3907
0.4307
0.4248
0.4445
0.5261
0.4793
0.4587
0.4934
0.497
0.4952
0.5047
0.5223
0.5252
0.5152
0.516
0.5442
0.5099
0.4952
0.4972
0.5226
0.5225
0.5341
0.5176
0.4898
0.5461
0.5613
0.537
0.5278
0.5914
0.582
0.614
0.6505
0.6262
0.5804
0.5796
0.5908
0.5933
0.5786
0.5946
0.546
0.555
0.5264
0.5634
0.5344
0.4979
0.5006
0.4919
0.5042
0.471
0.4925
0.5051
0.4989
0.4727
0.4585
0.5351
0.544
0.588
0.5311
0.5495
0.5154
0.5267
0.5381
0.5088
0.5376
0.5122
0.538
0.5567
0.527
0.5112
0.5659
0.5647
0.5587
0.5502
0.6096
0.5932
0.5699
0.5686
0.5797
0.5488
0.535
0.5951
0.5757
0.5473
0.5519
0.6759
0.6321
0.6384
0.6135
0.6307
0.621
0.6468
0.6319
0.6203
0.5736
0.592
0.6317
0.6482
0.6337
0.5559
0.5849
0.5989
0.5967
0.5941
0.7597
0.7123
0.7441
0.7615
0.7118
0.7364
0.7635
0.7574
0.7728
0.7597
0.7619
0.7268
0.7381
0.7493
0.7883
0.759
0.7132
0.7013
0.7202
0.6652
0.6943
0.7428
0.7128
0.7272
0.6917
0.6995
0.7394
0.7127
0.719
0.6553
0.6356
0.6532
0.6569
0.6386
0.6597
0.6225
0.6623
0.6083
0.5864
0.6355
0.6615
0.5667
0.5951
0.5802
0.59
0.5994
0.6336
0.5858
0.5571
0.5672
0.5876
0.5525
0.5329
0.5221
0.5513
0.532
0.5158
0.5551
0.4934
0.4853
0.4249
0.4511
0.4489
0.4121
0.3726
0.3831
0.3467
0.3316
0.3081
0.2873
0.2743
0.2742
0.2355
0.2314
0.2383
0.2161
0.2042
0.3466
0.2375
0.195
0.1818
0.1855
0.1793
0.1782
0.1785
0.1858
0.1664
0.1702
0.1647
0.1598
0.1672
0.1637
0.1665
0.1498
0.1355
0.1353
0.1344
0.1322
0.1267
0.1293
0.1182
0.1124
0.1101
0.1179
0.1193
0.1201
0.1011
0.1049
0.1421
0.1286
0.1204
0.1056
0.0987
0.0972
0.0879
0.086
0.0848
0.0835
0.0805
0.0924
0.0857
0.085
0.0776
0.077
0.0869
0.0786
0.0767
0.0865
0.0838
0.081
0.082
0.0873
0.0804
0.0815
0.0749
0.0719
0.1042
0.0841
0.0839
0.082
0.0793
0.1052
0.0891
0.1049
0.0871
0.0834
0.0797
0.0806
0.0768
0.0747
0.0747
0.0747
0.0784
0.0786
0.0783
0.0817
0.085
0.1098
0.099
0.0974
0.0897
0.098
0.0986
0.1049
0.118
0.129
0.1329
0.1608
0.1452
0.1577
0.1675
0.1993
0.2092
0.2104
0.2467
0.2584
0.2769
0.3696
0.3305
0.3408
0.3202
0.3234
0.3791
0.3443
0.3573
0.3709
0.3971
0.3999
0.4211
0.409
0.4005
0.4027
0.4308
0.4402
0.417
0.4277
0.4815
0.4614
0.4687
0.5293
0.531
0.5537
0.526
0.5098
0.5469
0.5222
0.4894
0.4792
0.4711
0.4418
0.5155
0.5031
0.5314
0.5203
0.5149
0.5994
0.5775
0.5591
0.5737
0.5574
0.6
0.5681
0.5491
0.5833
0.5305
0.6019
0.5629
0.5376
0.5715
0.5493
0.5194
0.5243
0.5279
0.5386
0.5138
0.5102
0.5505
0.5072
0.4954
0.5232
0.5099
0.5503
0.5024
0.4869
0.4896
0.5324
0.5514
0.5365
0.4996
0.4929
0.4641
0.4679
0.5051
0.6236
0.5511
0.5396
0.5318
0.5432
0.5026
0.5464
0.5324
0.5428
0.5389
0.5519
0.5174
0.5007
0.4995
0.4887
0.527
0.5184
0.513
0.5351
0.5901
0.5692
0.5234
0.5623
0.634
0.6042
0.625
0.608
0.5771
0.6139
0.6041
0.5807
0.6238
0.6031
0.574
0.5808
0.5901
0.624
0.6277
0.6616
0.7078
0.7101
0.6453
0.6578
0.6382
0.6118
0.6647
0.654
0.6217
0.6372
0.6369
0.6567
0.6893
0.7039
0.7043
0.6864
0.671
0.6574
0.6303
0.6531
0.6902
0.685
0.6987
0.7486
0.7086
0.6969
0.669
0.6434
0.6942
0.6721
0.7172
0.6974
0.716
0.6859
0.684
0.6999
0.6944
0.7334
0.7002
0.6253
0.6395
0.6545
0.6464
0.6146
0.5858
0.5683
0.5627
0.5522
0.5753
0.5766
0.5869
0.6051
0.5831
0.5532
0.517
0.5143
0.4729
0.4851
0.437
0.4171
0.4285
0.4263
0.3978
0.3646
0.3408
0.3051
0.2895
0.2909
0.2786
0.2509
0.2413
0.2261
0.2191
0.2117
0.2733
0.227
0.2046
0.191
0.1946
0.2088
0.1947
0.1985
0.186
0.1947
0.1831
0.162
0.151
0.1682
0.1515
0.1532
0.1433
0.1425
0.138
0.1446
0.1333
0.1265
0.1601
0.155
0.1361
0.138
0.1307
0.1315
0.1164
0.1111
0.1251
0.1379
0.1226
0.1178
0.1044
0.1026
0.1155
0.1175
0.1092
0.1024
0.0991
0.1126
0.1401
0.1214
0.111
0.1066
0.1041
0.0903
0.0892
0.0849
0.0875
0.0862
0.0838
0.0848
0.0834
0.0844
0.088
0.0839
0.0832
0.0803
0.0803
0.0839
0.0787
0.0794
0.0786
0.0956
0.1249
0.0965
0.0893
0.0871
0.0836
0.0864
0.0925
0.0894
0.0885
0.0959
0.1133
0.1222
0.1137
0.1251
0.1391
0.1282
0.1302
0.141
0.201
0.1782
0.1851
0.1933
0.2066
0.2329
0.2134
0.2526
0.2989
0.2967
0.316
0.3317
0.3482
0.3728
0.3626
0.3468
0.3768
0.4572
0.4286
0.4741
0.4549
0.4636
0.4531
0.48
0.5577
0.539
0.5264
0.5477
0.5511
0.4893
0.4894
0.4929
0.6402
0.5968
0.5776
0.5849
0.5945
0.5819
0.6132
0.6705
0.6868
0.643
0.5776
0.571
0.5778
0.572
0.5332
0.5241
0.5825
0.6133
0.5566
0.5786
0.5855
0.5552
0.5304
0.5979
0.7027
0.679
0.6723
0.6567
0.5977
0.6569
0.5818
0.5686
0.6099
0.6757
0.595
0.5493
0.5608
0.5627
0.5913
0.6297
0.6297
0.5929
0.5777
0.5221
0.5123
0.5295
0.5241
0.5691
0.5566
0.5327
0.5501
0.482
0.4989
0.4853
0.5142
0.5521
0.5464
0.5574
0.5597
0.5177
0.5852
0.6272
0.6156
0.596
0.5942
0.6142
0.6026
0.6075
0.6066
0.628
0.6468
0.6546
0.6468
0.5978
0.6253
0.6428
0.5945
0.5867
0.6007
0.583
0.5928
0.575
0.6474
0.6437
0.6133
0.5783
0.594
0.5907
0.6399
0.6137
0.6418
0.636
0.6362
0.6161
0.6473
0.6218
0.6384
0.6709
0.6869
0.7112
0.7486
0.6998
0.7301
0.7016
0.7433
0.7291
0.7284
0.7191
0.7554
0.7211
0.7181
0.682
0.7228
0.7711
0.7684
0.7571
0.7467
0.7402
0.7715
0.7442
0.735
0.6853
0.6275
0.6296
0.6386
0.6289
0.6606
0.7346
0.7236
0.7183
0.7042
0.7229
0.7314
0.7375
0.7327
0.6974
0.6496
0.6075
0.6413
0.6277
0.6088
0.6186
0.6448
0.6517
0.5955
0.5702
0.5718
0.5927
0.5598
0.536
0.5228
0.5255
0.4752
0.5185
0.4902
0.4769
0.4886
0.4523
0.3878
0.3684
0.348
0.3276
0.3263
0.3142
0.3251
0.2957
0.2834
0.2651
0.2368
0.2369
0.2543
0.2274
0.2046
0.1975
0.1974
0.1974
0.1695
0.2138
0.1909
0.1893
0.1769
0.167
0.1685
0.1552
0.1446
0.1459
0.1438
0.1387
0.1404
0.1405
0.1267
0.1249
0.1313
0.1268
0.122
0.1213
0.1192
0.1363
0.1331
0.1363
0.1365
0.1427
0.1528
0.127
0.1271
0.1141
0.1044
0.1059
0.1017
0.0998
0.1029
0.0953
0.0918
0.1079
0.0954
0.0967
0.0953
0.096
0.0972
0.0941
0.0932
0.1096
0.1052
0.0937
0.099
0.0912
0.0913
0.0918
0.0943
0.0913
0.0861
0.094
0.0908
0.0953
0.0863
0.1339
0.1022
0.0872
0.0864
0.089
0.0885
0.0898
0.091
0.0856
0.0808
0.0837
0.0797
0.0912
0.0914
0.095
0.0905
0.095
0.1185
0.1184
0.1534
0.1339
0.1472
0.1505
0.1565
0.1827
0.1844
0.2244
0.2049
0.2056
0.2217
0.2225
0.2334
0.264
0.2765
0.3069
0.3272
0.3508
0.3115
0.3218
0.3778
0.3615
0.3903
0.4136
0.3487
0.3895
0.3812
0.3584
0.3582
0.3772
0.3815
0.4053
0.4208
0.4388
0.4273
0.4295
0.4619
0.4815
0.4754
0.5308
0.4734
0.4711
0.4627
0.458
0.5005
0.4883
0.4674
0.4482
0.4739
0.5032
0.5063
0.5122
0.4983
0.4883
0.5366
0.5463
0.5407
0.519
0.5216
0.5059
0.5327
0.4892
0.4984
0.5246
0.5631
0.5798
0.55
0.5271
0.5195
0.5148
0.5395
0.5231
0.5046
0.5597
0.5389
0.5519
0.5922
0.6111
0.5667
0.5176
0.5068
0.5037
0.4942
0.5291
0.5658
0.573
0.5762
0.5535
0.5069
0.5368
0.5211
0.5217
0.5211
0.5388
0.5148
0.5174
0.5359
0.5357
0.5324
0.5411
0.5519
0.547
0.5525
0.5949
0.5606
0.5604
0.5896
0.6574
0.5588
0.5522
0.5308
0.5229
0.5313
0.555
0.5317
0.5558
0.5356
0.5414
0.5392
0.5083
0.498
0.4703
0.4955
0.4709
0.4886
0.5084
0.5859
0.5742
0.6402
0.6278
0.6353
0.6146
0.6218
0.6342
0.6927
0.6893
0.6856
0.712
0.7158
0.6764
0.7014
0.7704
0.7366
0.7773
0.7505
0.7261
0.7085
0.6944
0.6881
0.6818
0.7114
0.7127
0.7029
0.715
0.7281
0.7015
0.7414
0.7516
0.6862
0.6975
0.6882
0.6836
0.656
0.6508
0.6981
0.705
0.6457
0.6203
0.6062
0.5951
0.6081
0.5845
0.5953
0.5929
0.6457
0.6014
0.5813
0.6604
0.5657
0.5866
0.5532
0.5446
0.5465
0.5145
0.5235
0.5685
0.4903
0.4816
0.467
0.4573
0.4297
0.4483
0.4337
0.3981
0.3873
0.3403
0.3375
0.3066
0.3014
0.288
0.2646
0.2713
0.2618
0.2499
0.2494
0.2588
0.2319
0.2374
0.2348
0.2271
0.2095
0.1897
0.192
0.1831
0.1995
0.2012
0.173
0.1552
0.1409
0.1401
0.1368
0.1426
0.1311
0.1391
0.1326
0.1288
0.1239
0.1176
0.1179
0.1101
0.1043
0.1137
0.104
0.1168
0.11
0.0996
0.1326
0.1156
0.1036
0.0947
0.0842
0.0896
0.0863
0.0803
0.0831
0.0867
0.0724
0.0842
0.0805
0.0742
0.0775
0.0725
0.0691
0.0814
0.0671
0.0737
0.0701
0.0768
0.0741
0.0759
0.0669
0.0646
0.0638
0.063
0.0663
0.0641
0.0687
0.084
0.0752
0.0755
0.0739
0.0744
0.0738
0.0752
0.0821
0.0755
0.0801
0.0724
0.0739
0.0807
0.0919
0.0819
0.0871
0.0938
0.0843
0.0943
0.1188
0.144
0.1206
0.1365
0.1636
0.172
0.1794
0.1795
0.1949
0.2445
0.2414
0.2477
0.2698
0.2969
0.3204
0.3787
0.4348
0.3919
0.4438
0.3659
0.3766
0.3943
0.4738
0.4498
0.4454
0.441
0.4717
0.5132
0.4944
0.5347
0.5429
0.5672
0.5546
0.5521
0.5047
0.5345
0.533
0.551
0.5673
0.5808
0.6131
0.5946
0.5938
0.5647
0.5504
0.5534
0.5496
0.575
0.7089
0.6369
0.6266
0.5715
0.5897
0.6268
0.6431
0.6387
0.6693
0.6976
0.7307
0.7196
0.7299
0.6343
0.6939
0.7175
0.7516
0.6801
0.6538
0.6244
0.6488
0.6509
0.656
0.6582
0.669
0.6267
0.6607
0.6428
0.6357
0.6048
0.5932
0.5589
0.5868
0.5626
0.6004
0.602
0.5647
0.552
0.6442
0.6109
0.5981
0.6042
0.6434
0.6685
0.6509
0.6506
0.6897
0.6335
0.6654
0.6262
0.6022
0.6197
0.597
0.626
0.6171
0.665
0.6378
0.6105
0.6028
0.6264
0.6444
0.6401
0.6352
0.6515
0.6098
0.6704
0.6165
0.6458
0.5518
0.5957
0.5806
0.5862
0.6093
0.5973
0.6306
0.6577
0.5754
0.5825
0.6204
0.6136
0.6037
0.5935
0.6181
0.6268
0.6455
0.7051
0.7107
0.7697
0.6622
0.6467
0.619
0.597
0.6384
0.618
0.6875
0.6404
0.61
0.6026
0.6293
0.6195
0.6086
0.6294
0.674
0.6906
0.7
0.6844
0.6875
0.7527
0.8025
0.774
0.7777
0.7471
0.8561
0.7714
0.7919
0.813
0.7274
0.7786
0.7064
0.7453
0.7142
0.6998
0.7662
0.718
0.6805
0.6932
0.7121
0.688
0.7443
0.6766
0.6524
0.6719
0.6913
0.6262
0.6377
0.6396
0.6209
0.6001
0.6004
0.5161
0.5184
0.5218
0.5552
0.5114
0.4931
0.5025
0.4565
0.4466
0.4343
0.4162
0.4103
0.3604
0.3489
0.2932
0.3261
0.3058
0.2747
0.2754
0.2823
0.2598
0.2646
0.2817
0.2449
0.2455
0.2712
0.2337
0.2298
0.2357
0.2221
0.2535
0.2204
0.2468
0.207
0.1945
0.198
0.1993
0.1683
0.2164
0.1851
0.1632
0.1467
0.1386
0.1372
0.1372
0.1378
0.1392
0.1353
0.1291
0.1268
0.1365
0.1422
0.1302
0.1132
0.1034
0.1173
0.0969
0.0953
0.0916
0.083
0.0799
0.0858
0.097
0.0885
0.0949
0.0921
0.0895
0.082
0.0839
0.088
0.0887
0.0893
0.0883
0.0858
0.0804
0.0781
0.0829
0.0848
0.0794
0.0823
0.0793
0.0797
0.0883
0.0827
0.0755
0.0861
0.0819
0.0776
0.0757
0.0796
0.0765
0.0823
0.0861
0.089
0.0836
0.086
0.0826
0.0871
0.0912
0.1099
0.1032
0.098
0.0935
0.0809
0.095
0.0731
0.0834
0.0853
0.0938
0.0875
0.156
0.1327
0.1359
0.1284
0.1726
0.1873
0.205
0.2064
0.2065
0.1955
0.2196
0.2876
0.2549
0.2392
0.274
0.3333
0.3315
0.3557
0.4134
0.3829
0.3697
0.3854
0.4003
0.3881
0.3738
0.3671
0.3497
0.389
0.416
0.4151
0.4288
0.4289
0.4173
0.4139
0.4386
0.5241
0.4972
0.465
0.4826
0.4603
0.4759
0.5113
0.4963
0.504
0.5164
0.5451
0.5604
0.5741
0.588
0.6207
0.6176
0.6164
0.6587
0.6687
0.7269
0.7618
0.6966
0.6808
0.6855
0.6905
0.7052
0.6685
0.6443
0.647
0.6462
0.6243
0.627
0.6036
0.5767
0.6065
0.6596
0.5912
0.6099
0.6292
0.6335
0.6361
0.6118
0.6007
0.6125
0.5971
0.5928
0.5626
0.595
0.593
0.5359
0.5903
0.5364
0.5087
0.5616
0.5391
0.5384
0.5474
0.5209
0.5345
0.5675
0.5855
0.5887
0.6345
0.6249
0.6249
0.5922
0.5554
0.5649
0.5541
0.5795
0.5534
0.6016
0.5419
0.6077
0.5989
0.6019
0.6074
0.5985
0.6312
0.5638
0.594
0.61
0.662
0.6382
0.6941
0.6408
0.6422
0.6314
0.6278
0.6237
0.6045
0.6134
0.5973
0.5735
0.6327
0.6174
0.6183
0.6134
0.6013
0.6165
0.6606
0.6658
0.7268
0.6737
0.6735
0.6918
0.7032
0.726
0.7536
0.6852
0.6831
0.7589
0.7165
0.6703
0.7031
0.745
0.7271
0.6814
0.685
0.7013
0.6866
0.6643
0.6835
0.8277
0.7116
0.6634
0.6978
0.6921
0.6778
0.6758
0.6821
0.687
0.6976
0.64
0.6791
0.6775
0.6458
0.6215
0.5941
0.5982
0.5964
0.5995
0.559
0.5657
0.5749
0.5346
0.5603
0.5133
0.4923
0.4903
0.4957
0.4709
0.4129
0.3778
0.3607
0.4149
0.3382
0.3152
0.307
0.3106
0.3145
0.2908
0.2702
0.2782
0.2351
0.27
0.2655
0.2679
0.2546
0.2571
0.2418
0.2302
0.2296
0.2179
0.2134
0.199
0.2191
0.2145
0.1972
0.1949
0.1759
0.1582
0.149
0.1271
0.1383
0.1357
0.1485
0.1213
0.1176
0.1156
0.1178
0.126
0.1204
0.1073
0.1087
0.1104
0.1135
0.1136
0.1032
0.1031
0.104
0.1146
0.1444
0.125
0.106
0.1084
0.1097
0.1182
0.1773
0.1241
0.1178
0.1019
0.0836
0.0962
0.0907
0.0892
0.0843
0.081
0.0801
0.0812
0.0766
0.082
0.0815
0.0889
0.0968
0.0913
0.0828
0.0838
0.0756
0.0801
0.0834
0.1158
0.095
0.1012
0.0922
0.0827
0.0812
0.08
0.0805
0.0806
0.0839
0.0983
0.1061
0.1119
0.1074
0.1169
0.1289
0.1244
0.1528
0.1575
0.1609
0.1633
0.1508
0.1578
0.1533
0.1687
0.2277
0.2091
0.2319
0.2225
0.2381
0.2367
0.2445
0.2285
0.2198
0.2462
0.2459
0.2935
0.2778
0.2709
0.2912
0.3264
0.3444
0.3362
0.3218
0.3599
0.3801
0.3925
0.3866
0.3955
0.4175
0.3985
0.3848
0.4151
0.4515
0.4802
0.4882
0.4619
0.4239
0.4519
0.4783
0.5133
0.5483
0.5903
0.4945
0.5731
0.5498
0.5339
0.492
0.5291
0.5171
0.5399
0.6062
0.6476
0.6211
0.5642
0.541
0.5842
0.6055
0.6619
0.7061
0.6625
0.6519
0.6952
0.5847
0.5971
0.634
0.5705
0.6234
0.632
0.6117
0.6378
0.6015
0.6276
0.5909
0.5938
0.5715
0.584
0.6259
0.6641
0.6408
0.6504
0.6258
0.6401
0.6043
0.6113
0.6064
0.7085
0.6418
0.6699
0.6404
0.6184
0.6138
0.6068
0.6515
0.6339
0.636
0.5697
0.5673
0.6149
0.5929
0.5504
0.6284
0.6418
0.5857
0.6057
0.5906
0.5469
0.578
0.5567
0.5319
0.5014
0.557
0.5192
0.5201
0.506
0.5092
0.5189
0.5545
0.5593
0.5234
0.582
0.5752
0.6263
0.6526
0.6073
0.6203
0.5695
0.5597
0.5807
0.5751
0.5827
0.5839
0.5822
0.5827
0.6011
0.6124
0.6336
0.6721
0.6766
0.7021
0.6623
0.7287
0.6998
0.7028
0.6604
0.6866
0.6403
0.6673
0.7129
0.6738
0.6325
0.7389
0.6772
0.6314
0.6549
0.6564
0.6661
0.6897
0.647
0.609
0.6519
0.6786
0.6948
0.6584
0.6142
0.6013
0.5873
0.5734
0.5928
0.5733
0.5975
0.5785
0.5796
0.6312
0.6231
0.656
0.6247
0.595
0.5477
0.5164
0.5079
0.48
0.4824
0.495
0.4344
0.4441
0.409
0.341
0.3378
0.338
0.3286
0.3293
0.3361
0.2966
0.281
0.3006
0.2933
0.2531
0.2348
0.275
0.2673
0.2643
0.2341
0.2155
0.2301
0.2349
0.2086
0.2012
0.225
0.2098
0.2174
0.2008
0.2101
0.1886
0.184
0.1777
0.187
0.1668
0.1681
0.1894
0.1613
0.1531
0.1656
0.1724
0.1593
0.1645
0.1498
0.1461
0.1548
0.145
0.1371
0.1569
0.1766
0.1537
0.1493
0.1384
0.1322
0.143
0.144
0.1432
0.137
0.1421
0.1447
0.137
0.139
0.1383
0.1352
0.149
0.1297
0.1263
0.12
0.1257
0.1239
0.1325
0.1211
0.1294
0.1211
0.1245
0.1233
0.1166
0.1433
0.1233
0.1288
0.1286
0.1288
0.1312
0.1369
0.1239
0.1259
0.156
0.1353
0.1249
0.1247
0.1304
0.1384
0.1374
0.1379
0.1339
0.1354
0.1504
0.1527
0.1676
0.1899
0.1815
0.2025
0.2112
0.2071
0.2601
0.2437
0.2488
0.2583
0.2626
0.2681
0.275
0.3034
0.3883
0.3975
0.4082
0.361
0.3922
0.4328
0.4486
0.4776
0.4865
0.4783
0.5241
0.5209
0.5128
0.5176
0.5248
0.5363
0.5273
0.5955
0.5766
0.6439
0.6639
0.6559
0.6136
0.5867
0.5929
0.592
0.6545
0.6511
0.6561
0.6278
0.5962
0.5896
0.6072
0.6047
0.625
0.5757
0.5671
0.5633
0.6062
0.6804
0.648
0.6377
0.6605
0.6979
0.6716
0.7031
0.7341
0.693
0.7173
0.7046
0.7209
0.7214
0.7666
0.7849
0.7223
0.7182
0.7195
0.7086
0.6911
0.6924
0.6777
0.7547
0.7481
0.7403
0.7133
0.7073
0.7267
0.72
0.7504
0.6943
0.6584
0.656
0.6589
0.7204
0.7203
0.7448
0.6936
0.7047
0.6541
0.6642
0.6701
0.6783
0.6392
0.676
0.6713
0.6614
0.699
0.6739
0.6592
0.6991
0.6495
0.7021
0.6667
0.7214
0.725
0.7354
0.7629
0.7825
0.693
0.683
0.6966
0.6741
0.7075
0.6802
0.7155
0.7096
0.6506
0.6421
0.6507
0.6496
0.7606
0.6739
0.7222
0.727
0.7544
0.724
0.771
0.7551
0.7414
0.7652
0.8315
0.8778
0.839
0.7795
0.7586
0.8403
0.8675
0.8339
0.8261
0.8797
0.8429
0.7858
0.8155
0.8345
0.8054
0.7831
0.8398
0.8345
0.8348
0.8365
0.8233
0.8229
0.8045
0.8951
0.8484
0.8118
0.7742
0.779
0.783
0.7712
0.766
0.7735
0.7194
0.7533
0.8025
0.8353
0.8605
0.8361
0.8016
0.7708
0.7068
0.7043
0.6827
0.677
0.713
0.7135
0.7458
0.7412
0.7094
0.6571
0.7123
0.6903
0.6629
0.6563
0.6557
0.6551
0.6449
0.6256
0.592
0.5722
0.5313
0.4876
0.4651
0.4355
0.4009
0.3855
0.34
0.3079
0.3054
0.3013
0.3002
0.314
0.2766
0.2774
0.2668
0.2488
0.2526
0.2465
0.2345
0.2256
0.2205
0.221
0.2138
0.2768
0.2381
0.2384
0.2414
0.275
0.2281
0.2123
0.1929
0.1786
0.1665
0.1949
0.1725
0.1656
0.1731
0.1721
0.1642
0.1628
0.1439
0.1409
0.1575
0.147
0.1514
0.1489
0.1495
0.1301
0.1286
0.1411
0.1453
0.1261
0.1365
0.1204
0.1108
0.1305
0.1222
0.1157
0.1118
0.1153
0.1169
0.1103
0.1177
0.1107
0.1118
0.1047
0.1107
0.1197
0.1051
0.1011
0.0998
0.0984
0.1676
0.1068
0.1132
0.1125
0.1042
0.1036
0.1196
0.1194
0.1285
0.1195
0.1202
0.1493
0.1183
0.161
0.1377
0.1188
0.1149
0.1059
0.1059
0.1243
0.1242
0.1183
0.1517
0.1357
0.139
0.1606
0.1762
0.178
0.1883
0.181
0.2002
0.2205
0.2264
0.2207
0.243
0.2477
0.2813
0.3239
0.3197
0.3226
0.3379
0.3541
0.3998
0.4356
0.4755
0.4656
0.4416
0.4601
0.4547
0.5107
0.5122
0.5331
0.5327
0.5567
0.5926
0.6229
0.6047
0.6155
0.6402
0.6207
0.6259
0.6603
0.6526
0.6633
0.6677
0.6429
0.6396
0.6481
0.6311
0.6235
0.6183
0.5929
0.6058
0.6094
0.6164
0.6227
0.5945
0.6373
0.6691
0.7227
0.7446
0.7455
0.7004
0.7191
0.7429
0.7386
0.7148
0.7091
0.7179
0.722
0.7312
0.6844
0.6645
0.6765
0.6736
0.6961
0.6886
0.6699
0.6805
0.7082
0.6111
0.5877
0.6038
0.5907
0.5935
0.5901
0.6188
0.6438
0.648
0.6224
0.6584
0.6969
0.6771
0.6835
0.6781
0.6525
0.6676
0.6893
0.7235
0.7234
0.6792
0.7198
0.706
0.703
0.7337
0.7273
0.6692
0.7282
0.7276
0.7606
0.72
0.6872
0.7179
0.6978
0.6761
0.6876
0.6747
0.665
0.6749
0.6404
0.716
0.6583
0.6826
0.6726
0.6743
0.7075
0.7121
0.6861
0.7314
0.8063
0.7894
0.8053
0.796
0.7668
0.7798
0.7981
0.7701
0.7321
0.7374
0.7762
0.8234
0.8361
0.8062
0.812
0.789
0.7904
0.7648
0.7375
0.76
0.7931
0.7617
0.8091
0.7315
0.7222
0.7399
0.7055
0.6841
0.6681
0.6597
0.6528
0.7285
0.6863
0.7108
0.6892
0.7108
0.7137
0.658
0.6534
0.6764
0.73
0.6581
0.68
0.6867
0.6806
0.6505
0.6387
0.7053
0.7011
0.675
0.6637
0.6661
0.6314
0.6478
0.6327
0.628
0.6701
0.5996
0.565
0.5436
0.5445
0.5482
0.5066
0.5967
0.5101
0.4804
0.4619
0.4534
0.4239
0.3846
0.3835
0.3483
0.3647
0.3071
0.3255
0.2886
0.25
0.2563
0.2358
0.2249
0.2422
0.244
0.2075
0.221
0.225
0.2061
0.1871
0.1778
0.1698
0.1679
0.1687
0.1629
0.1621
0.1711
0.1804
0.1729
0.1634
0.1551
0.1351
0.1486
0.1577
0.1506
0.1452
0.1294
0.1323
0.1268
0.1211
0.1302
0.1291
0.1187
0.1245
0.1168
0.1208
0.1697
0.1334
0.1281
0.1595
0.1341
0.1224
0.1029
0.0985
0.0958
0.1255
0.0967
0.0851
0.0867
0.083
0.0925
0.0816
0.0775
0.072
0.0698
0.0744
0.0716
0.0728
0.0828
0.0826
0.0782
0.0821
0.0971
0.0897
0.0775
0.1009
0.0932
0.0818
0.0749
0.0831
0.078
0.0843
0.0902
0.0795
0.0964
0.0811
0.0837
0.0797
0.1012
0.0952
0.1064
0.1013
0.1181
0.1138
0.1085
0.1449
0.1654
0.1494
0.1637
0.2362
0.2047
0.2344
0.2571
0.3191
0.2949
0.2901
0.3152
0.3232
0.3883
0.4222
0.4272
0.4766
0.4539
0.4459
0.4183
0.4581
0.4897
0.4322
0.4277
0.4572
0.5046
0.4884
0.5314
0.5553
0.5964
0.5683
0.6222
0.6195
0.6248
0.5872
0.6439
0.6136
0.6314
0.6676
0.673
0.6585
0.644
0.6429
0.6554
0.6411
0.604
0.5996
0.6126
0.5708
0.5938
0.6187
0.6222
0.7356
0.7458
0.739
0.6898
0.6963
0.6515
0.7294
0.7088
0.6895
0.6608
0.697
0.7482
0.6879
0.7114
0.6884
0.6702
0.6554
0.639
0.6467
0.6394
0.575
0.5686
0.5531
0.5324
0.5996
0.5716
0.557
0.5509
0.5518
0.5699
0.6022
0.5736
0.5729
0.5833
0.5971
0.5655
0.5974
0.7037
0.6407
0.6619
0.6787
0.7291
0.698
0.6305
0.6713
0.662
0.6684
0.6993
0.6648
0.6712
0.6514
0.6722
0.6696
0.6858
0.7286
0.7269
0.6871
0.6743
0.7155
0.7185
0.748
0.7246
0.6985
0.7147
0.7245
0.7081
0.6739
0.6367
0.6583
0.6265
0.6056
0.6165
0.635
0.6188
0.6001
0.6388
0.6455
0.6556
0.6852
0.6953
0.6982
0.7155
0.6807
0.6882
0.7412
0.7781
0.7272
0.7445
0.7518
0.7416
0.7663
0.8014
0.7374
0.7212
0.7206
0.7071
0.7218
0.6947
0.7007
0.7092
0.7047
0.7035
0.6653
0.6725
0.6625
0.7293
0.7321
0.6586
0.702
0.6727
0.6855
0.6434
0.6965
0.6944
0.6377
0.7754
0.6595
0.6964
0.747
0.7063
0.6902
0.6804
0.6397
0.6283
0.6474
0.6534
0.6881
0.6673
0.6307
0.6292
0.6547
0.6471
0.5935
0.5688
0.5454
0.5826
0.5599
0.5542
0.5024
0.5035
0.5058
0.5079
0.5189
0.4785
