0.4761
0.4272
0.3727
0.2878
0.2623
0.2394
0.2301
0.228
0.2444
0.2328
0.1984
0.1785
0.1901
0.2081
0.2027
0.1999
0.2067
0.2093
0.2114
0.2184
0.2279
0.2186
0.2066
0.1991
0.1948
0.1854
0.1826
0.1879
0.1855
0.1839
0.1789
0.1817
0.1839
0.1852
0.1847
0.1858
0.1791
0.1729
0.1733
0.1722
0.1757
0.1661
0.1608
0.1697
0.1647
0.1648
0.1652
0.1672
0.1454
0.1558
0.1561
0.1601
0.1568
0.1567
0.1581
0.1582
0.1586
0.1574
0.1605
0.1588
0.153
0.166
0.163
0.1669
0.1673
0.1641
0.169
0.1688
0.1656
0.1676
0.1662
0.1615
0.163
0.159
0.1688
0.1704
0.1664
0.176
0.2077
0.1815
0.1784
0.1733
0.1702
0.1673
0.1694
0.1626
0.1906
0.1751
0.1697
0.1749
0.1979
0.2063
0.203
0.1923
0.1796
0.1961
0.2025
0.1873
0.199
0.2111
0.2272
0.2285
0.2494
0.332
0.2812
0.352
0.3396
0.3381
0.3618
0.3458
0.4017
0.4081
0.4286
0.4731
0.4892
0.4603
0.4402
0.4433
0.4909
0.5527
0.5157
0.4846
0.5062
0.5882
0.5658
0.536
0.5472
0.5945
0.5566
0.6146
0.6189
0.6754
0.6772
0.66
0.6607
0.6665
0.6874
0.6437
0.6477
0.5768
0.5471
0.5351
0.5702
0.589
0.6011
0.5968
0.6345
0.6721
0.6613
0.6508
0.6757
0.7222
0.792
0.8192
0.8041
0.75
0.7435
0.7006
0.7468
0.6861
0.6946
0.7186
0.7191
0.7531
0.7011
0.6596
0.6307
0.6091
0.5974
0.6462
0.6708
0.6866
0.6452
0.6459
0.5732
0.5635
0.6034
0.6806
0.7118
0.7498
0.7888
0.7818
0.7926
0.7932
0.8003
0.7625
0.755
0.7784
0.7401
0.7345
0.8203
0.8098
0.7646
0.7593
0.7994
0.8581
0.7745
0.7441
0.8058
0.739
0.7308
0.6879
0.755
0.767
0.7706
0.7541
0.7877
0.7738
0.7931
0.7788
0.7796
0.7564
0.7043
0.6374
0.6351
0.7253
0.72
0.7704
0.7638
0.7999
0.896
0.9297
0.8935
0.8981
0.961
0.9218
0.9971
1.0297
0.9272
0.9073
0.9815
0.9381
0.9808
1.0404
1.1054
1.1517
1.0573
0.9863
0.9952
0.9955
0.9719
0.9622
0.9703
1.0546
1.0476
1.0164
0.9716
1.0469
1.0065
1.0067
1.0199
1.0963
1.1207
1.014
0.9768
0.9747
1.0095
1.0037
1.0412
1.0049
0.9858
0.9584
0.9523
0.9423
0.9779
0.9796
0.8747
0.8756
0.8526
0.8487
0.8935
0.9091
0.9647
0.8921
0.9414
0.9158
0.8114
0.8177
0.7528
0.7074
0.7078
0.6781
0.6092
0.6286
0.5776
0.5247
0.5305
0.5255
0.4615
0.3902
0.3284
0.3328
0.3644
0.3561
0.3349
0.3379
0.3268
0.308
0.2926
0.2608
0.2652
0.2581
0.2394
0.2098
0.2336
0.2272
0.2299
0.2374
0.2188
0.2204
0.2275
0.1945
0.1995
0.2012
0.2093
0.2113
0.2077
0.1813
0.1836
0.1878
0.1977
0.2085
0.1827
0.1782
0.1745
0.1731
0.1717
0.1717
0.1777
0.1749
0.1783
0.1747
0.1751
0.175
0.1751
0.1746
0.158
0.1706
0.1699
0.175
0.1726
0.1696
0.1689
0.1638
0.1699
0.1676
0.1686
0.1691
0.1546
0.1688
0.167
0.1657
0.1688
0.1632
0.1664
0.1591
0.1632
0.1655
0.1663
0.1673
0.1668
0.1731
0.1809
0.1816
0.1878
0.1833
0.1758
0.175
0.1846
0.1898
0.2081
0.2251
0.2199
0.2168
0.2235
0.2116
0.1915
0.1993
0.2005
0.2095
0.2166
0.2246
0.2384
0.2387
0.2543
0.2638
0.2764
0.3049
0.2607
0.2589
0.2484
0.2902
0.3283
0.3885
0.3966
0.3932
0.4049
0.4089
0.479
0.4333
0.4642
0.4801
0.4918
0.5596
0.5076
0.5212
0.5692
0.6238
0.6398
0.6468
0.6841
0.6102
0.6126
0.6124
0.5999
0.667
0.7733
0.7269
0.6946
0.6621
0.6683
0.6576
0.6824
0.6813
0.6843
0.6759
0.6218
0.6568
0.6741
0.6209
0.6065
0.6201
0.589
0.6076
0.6687
0.716
0.7529
0.7245
0.677
0.6866
0.7386
0.7356
0.7473
0.7545
0.7672
0.7061
0.6965
0.7208
0.6776
0.6778
0.7062
0.6881
0.6495
0.6928
0.6506
0.6564
0.6246
0.6735
0.7415
0.7333
0.7108
0.712
0.6969
0.6825
0.6505
0.6986
0.7103
0.6913
0.7444
0.7569
0.7252
0.7506
0.7289
0.8161
0.8015
0.7115
0.7284
0.7605
0.7956
0.7909
0.7582
0.7241
0.7542
0.892
0.88
0.9143
0.9464
0.8838
0.8242
0.8757
0.9279
0.9173
0.9352
0.9446
0.8345
0.75
0.7216
0.7592
0.7723
0.81
0.7883
0.7576
0.6898
0.6949
0.6954
0.7925
0.7582
0.7273
0.744
0.7608
0.7565
0.7594
0.7432
0.8338
0.8156
0.8171
0.8306
0.8656
0.9015
0.8958
0.9209
0.9191
0.9522
0.982
0.928
0.9169
0.925
0.9587
0.98
1.0176
1.0566
1.0633
0.9717
0.9431
0.8983
0.9368
0.9628
1.0185
1.0754
1.008
0.9568
0.9888
1.0491
1.0391
0.9987
1.043
0.9778
1.0138
0.9717
0.948
1.0325
1.0272
0.9987
1.0433
1.1022
1.0868
1.039
1.0778
1.0208
1.0235
1.0449
1.0228
0.993
0.9694
1.0735
1.0498
0.9644
0.9723
0.9572
0.9864
0.9273
0.9078
0.902
0.8077
0.7742
0.7309
0.6621
0.6649
0.5557
0.5449
0.4355
0.3882
0.3633
0.359
0.3534
0.3192
0.3783
0.4424
0.3785
0.3503
0.3177
0.3313
0.3207
0.3381
0.326
0.2832
0.318
0.3125
0.2947
0.307
0.291
0.2803
0.2675
0.2763
0.2741
0.2609
0.2529
0.2556
0.2793
0.2576
0.2571
0.2589
0.2327
0.1759
0.1534
0.1232
0.1259
0.1389
0.1314
0.1316
0.1219
0.1217
0.1385
0.1954
0.2507
0.31
0.2745
0.2736
0.2629
0.2305
0.198
0.1953
0.201
0.2003
0.1971
0.201
0.1957
0.2052
0.2024
0.2037
0.2077
0.2076
0.2203
0.2151
0.219
0.2252
0.225
0.2251
0.2226
0.2077
0.2113
0.2031
0.2011
0.2039
0.2033
0.2071
0.2142
0.1996
0.209
0.212
0.2009
0.1876
0.1736
0.1775
0.1983
0.1749
0.1707
0.1709
0.1743
0.1745
0.197
0.2267
0.1951
0.2222
0.2168
0.2311
0.2255
0.3081
0.3195
0.2597
0.2859
0.3146
0.4066
0.3083
0.2871
0.3387
0.3477
0.3818
0.3843
0.4221
0.4141
0.4298
0.4478
0.4833
0.5317
0.6002
0.5676
0.5239
0.5394
0.5457
0.561
0.5711
0.5857
0.5645
0.6102
0.6605
0.7213
0.6952
0.6604
0.6987
0.6913
0.6899
0.631
0.6853
0.7113
0.7457
0.7003
0.7089
0.6949
0.7524
0.7973
0.8094
0.8347
0.8465
0.9124
0.8971
0.9099
0.8973
0.948
1.0284
0.9947
0.9574
0.995
0.9789
0.9116
0.9231
0.9024
0.8954
0.9228
0.9447
0.9418
0.8497
0.8338
0.8232
0.8082
0.8319
0.8195
0.7756
0.7548
0.7545
0.7755
0.7993
0.8247
0.8988
0.9121
0.7811
0.7492
0.8157
0.8498
0.8775
0.8934
0.9111
0.8965
0.8929
0.8865
1.0513
0.9905
0.9992
0.9702
1.0162
1.0829
1.173
1.1436
1.1494
1.248
1.1315
1.0291
1.0499
1.1245
1.2428
1.3059
1.3425
1.3604
1.353
1.3803
1.3479
1.2097
1.0916
1.1653
1.1224
1.2078
1.2827
1.3074
1.2865
1.3118
1.1257
1.0575
1.0455
0.9289
1.0021
1.0735
1.0851
1.0373
0.9078
0.9299
1.0093
1.0803
1.113
1.1609
1.1039
1.1322
1.1147
1.2001
1.2139
1.1814
1.2392
1.2342
1.2033
1.2633
1.3113
1.3026
1.2241
1.2118
1.2134
1.2662
1.2679
1.2914
1.2755
1.2603
1.2846
1.3085
1.3225
1.3411
1.4024
1.3863
1.3166
1.2998
1.3364
1.3399
1.3115
1.2772
1.2477
1.248
1.2205
1.2275
1.2987
1.2902
1.2655
1.2165
1.1831
1.3069
1.3003
1.2261
1.25
1.1536
1.1579
1.2224
1.2309
1.1564
1.0954
1.0351
0.9636
0.9022
0.8647
0.8298
0.8019
0.7789
0.7755
0.6975
0.7018
0.7361
0.7649
0.7606
0.7272
0.6714
0.6341
0.5995
0.5689
0.5599
0.5504
0.586
0.5347
0.5188
0.5141
0.5507
0.5424
0.516
0.5084
0.542
0.5199
0.4921
0.401
0.4429
0.4461
0.4314
0.4647
0.4832
0.4539
0.3858
0.3573
0.3337
0.3438
0.3523
0.3921
0.3853
0.3146
0.2956
0.2819
0.2847
0.2866
0.2553
0.2434
0.2274
0.2402
0.2443
0.2364
0.2395
0.2497
0.2377
0.2407
0.2292
0.2283
0.2376
0.2373
0.2044
0.213
0.2007
0.1983
0.1933
0.191
0.1689
0.1683
0.1681
0.168
0.1671
0.1623
0.1674
0.1718
0.1705
0.1713
0.1746
0.1741
0.2065
0.1753
0.175
0.1822
0.1936
0.1945
0.1944
0.1962
0.2025
0.2193
0.2477
0.2203
0.2129
0.2259
0.2202
0.2766
0.2337
0.2314
0.2296
0.21
0.2166
0.1943
0.2311
0.2365
0.2285
0.2778
0.2805
0.2318
0.2105
0.232
0.3077
0.3098
0.3099
0.3544
0.3465
0.3772
0.4137
0.4616
0.4712
0.5152
0.4967
0.5083
0.543
0.604
0.7023
0.8083
0.8831
0.9075
0.9341
0.8737
0.8655
0.8911
0.9418
0.9598
0.9816
1.0107
0.97
0.9406
0.8376
0.9328
1.0103
0.9737
0.9645
1.0289
1.003
1.0107
0.9667
0.9956
0.9515
1.0529
1.0843
1.0934
1.0599
1.0242
0.9464
1.0472
1.0843
1.1255
1.0279
0.9874
1.0019
1.0472
1.0885
1.1175
1.1993
1.2014
1.1911
1.2015
1.257
1.251
1.1545
1.1707
1.1614
1.1822
1.1179
1.0962
1.1356
1.1426
1.174
1.1308
1.1624
1.1754
1.1918
1.1012
1.0867
1.1023
1.1068
1.1651
1.1448
1.178
1.2091
1.2001
1.1874
1.2229
1.1821
1.1676
1.2217
1.1492
1.1544
1.135
1.1333
1.1339
1.0599
1.0324
1.049
1.0356
1.1374
1.0633
1.0542
1.1018
1.144
1.1239
1.1609
1.205
1.1231
1.0622
0.9786
0.9861
0.9371
0.8963
0.9318
1.0596
1.0002
1.0409
1.0576
1.0624
1.0058
1.1077
1.1338
1.1695
1.1609
1.1198
1.1025
1.0779
1.1385
1.1591
1.1905
1.2125
1.2985
1.253
1.2205
1.2282
1.2586
1.2632
1.251
1.21
1.23
1.1805
1.1448
1.1485
1.1976
1.2055
1.2154
1.2691
1.2931
1.3574
1.3577
1.346
1.3064
1.2782
1.3059
1.3295
1.3862
1.4215
1.3978
1.3981
1.3943
1.3716
1.3517
1.356
1.289
1.2901
1.219
1.1112
1.112
1.1329
1.1224
1.1907
1.039
1.0212
0.9968
1.0107
0.9138
0.8929
0.8386
0.8494
0.8484
0.7863
0.7709
0.7446
0.6909
0.6676
0.6083
0.533
0.4917
0.4767
0.48
0.438
0.4145
0.4238
0.3956
0.3595
0.2941
0.318
0.3038
0.3177
0.2812
0.2553
0.2439
0.275
0.2572
0.25
0.2169
0.2174
0.2249
0.2183
0.2147
0.2108
0.2109
0.2054
0.1751
0.1695
0.1703
0.1672
0.1681
0.1686
0.173
0.1722
0.177
0.1763
0.1759
0.1643
0.1704
0.163
0.1666
0.1674
0.1699
0.1677
0.1447
0.1583
0.1607
0.1589
0.1587
0.153
0.1633
0.1622
0.1597
0.1554
0.1593
0.1546
0.1535
0.1716
0.1582
0.1571
0.1551
0.1523
0.1556
0.1541
0.1556
0.1563
0.1533
0.1559
0.1621
0.1596
0.1681
0.1756
0.1676
0.1759
0.1715
0.1718
0.1666
0.1687
0.1684
0.1747
0.1716
0.1745
0.1757
0.1718
0.1735
0.1721
0.1745
0.1719
0.1752
0.1766
0.1837
0.2073
0.2082
0.1987
0.1781
0.182
0.1764
0.2164
0.2231
0.2646
0.3101
0.3853
0.3882
0.5339
0.5727
0.4334
0.4826
0.4619
0.5309
0.5104
0.6026
0.5555
0.5596
0.5683
0.5524
0.5509
0.5637
0.5958
0.7558
0.6402
0.6304
0.6124
0.6134
0.6415
0.6267
0.6338
0.6489
0.6699
0.6815
0.6413
0.6641
0.6646
0.623
0.6928
0.657
0.6636
0.6618
0.6055
0.6708
0.6841
0.7103
0.6922
0.7769
0.7877
0.8212
0.789
0.8034
0.7566
0.7765
0.7935
0.8009
0.7817
0.7937
0.767
0.8007
0.7683
0.7452
0.7534
0.7064
0.7311
0.7263
0.6791
0.6432
0.6324
0.6023
0.5733
0.5867
0.589
0.6419
0.6832
0.64
0.6127
0.5877
0.5962
0.6474
0.627
0.6541
0.6535
0.6377
0.6997
0.7799
0.728
0.7142
0.8022
0.7743
0.757
0.7042
0.8112
0.736
0.7587
0.768
0.7275
0.7361
0.7706
0.7474
0.741
0.723
0.7516
0.7963
0.8127
0.8308
0.7926
0.782
0.8047
0.8357
0.7995
0.7687
0.7674
0.8319
0.9158
0.9532
0.8321
0.7718
0.7578
0.7285
0.7656
0.7937
0.8741
0.9306
0.9451
1.0176
0.977
0.9714
0.9808
1.0595
1.0099
1.0383
0.962
0.9823
1.0019
0.9979
1.077
1.1525
1.0493
0.9691
0.9697
0.9512
0.9413
0.9112
0.9257
0.9633
0.9476
1.002
0.9524
0.9433
0.9791
0.9549
0.9292
0.9577
0.9965
0.9741
0.9734
0.9936
1.0208
0.9218
0.8935
0.9773
1.0524
0.9665
0.9451
0.9758
0.9197
0.8839
0.8316
0.8049
0.7899
0.8126
0.7604
0.7539
0.745
0.7574
0.7455
0.7261
0.714
0.7157
0.6157
0.5961
0.5821
0.6385
0.5974
0.5685
0.4964
0.5215
0.4704
0.4597
0.4198
0.4109
0.3441
0.3402
0.2965
0.2867
0.2983
0.2912
0.2859
0.4388
0.3153
0.2579
0.2625
0.267
0.2604
0.2574
0.2667
0.2883
0.2798
0.2783
0.2981
0.2757
0.2949
0.2885
0.2731
0.2511
0.2213
0.2139
0.2118
0.2128
0.2023
0.19
0.1843
0.1844
0.1852
0.1814
0.1796
0.1814
0.1741
0.1785
0.1796
0.1798
0.1785
0.1781
0.1702
0.1733
0.1681
0.1548
0.1564
0.1539
0.1549
0.1553
0.1551
0.1557
0.1475
0.1502
0.1557
0.1498
0.1492
0.1393
0.1463
0.1453
0.1493
0.1513
0.1475
0.1456
0.1466
0.1494
0.1755
0.1771
0.169
0.1607
0.1704
0.1943
0.1936
0.2127
0.1909
0.1787
0.1744
0.1721
0.1694
0.1726
0.1682
0.1655
0.1677
0.1702
0.1731
0.1738
0.1685
0.1784
0.1736
0.1798
0.1904
0.1863
0.1926
0.1942
0.1941
0.2394
0.2225
0.2292
0.1999
0.2316
0.2442
0.2608
0.2904
0.2988
0.2939
0.3252
0.3786
0.5063
0.4626
0.4619
0.4626
0.4312
0.4507
0.4461
0.4506
0.4481
0.5197
0.5093
0.531
0.4986
0.5179
0.5463
0.5884
0.5627
0.5596
0.5537
0.6468
0.6671
0.6189
0.7054
0.7729
0.7327
0.67
0.6877
0.7093
0.6815
0.6385
0.6332
0.6069
0.5928
0.5869
0.5979
0.5891
0.6069
0.5946
0.6713
0.6959
0.74
0.7309
0.7202
0.7002
0.7152
0.6829
0.7015
0.6606
0.7505
0.7126
0.6952
0.7537
0.7938
0.7456
0.7042
0.724
0.6993
0.6799
0.7154
0.7394
0.6756
0.5966
0.629
0.6322
0.7049
0.7063
0.7041
0.6194
0.6387
0.6236
0.5946
0.5852
0.5859
0.5848
0.5724
0.6051
0.6068
0.5737
0.6358
0.6933
0.7325
0.7287
0.6993
0.7002
0.6813
0.6882
0.672
0.6355
0.6524
0.6765
0.6756
0.7443
0.7041
0.7044
0.7467
0.8329
0.8438
0.7722
0.7838
0.8384
0.8505
0.8761
0.8408
0.8521
0.8434
0.8164
0.8175
0.8166
0.8065
0.7744
0.8117
0.863
0.8419
0.8357
0.8119
0.8872
0.9823
0.9581
0.9268
0.9539
0.9013
0.9774
0.9566
0.9675
0.8959
0.8826
0.9267
0.9398
0.9804
1.016
0.99
1.0067
1.0167
0.9565
1.0121
1.0353
1.0583
1.0489
0.9742
0.975
0.9462
0.9125
0.8582
0.849
0.8903
0.9449
0.976
0.9183
0.977
0.9859
0.9431
0.9992
0.9866
0.9956
0.945
0.9877
0.9503
0.9317
0.9115
0.8807
0.8724
0.8546
0.8492
0.817
0.8539
0.8832
0.8922
0.9032
0.907
0.8925
0.7978
0.7163
0.6431
0.6194
0.6046
0.6231
0.6212
0.5671
0.4906
0.5238
0.3918
0.4062
0.3984
0.3785
0.3576
0.3323
0.323
0.3045
0.3294
0.4125
0.3526
0.3441
0.3386
0.3314
0.3444
0.3238
0.3366
0.3048
0.3039
0.2708
0.2567
0.2375
0.2385
0.2341
0.2312
0.2328
0.2278
0.2077
0.2016
0.1966
0.1905
0.2265
0.2569
0.2566
0.2485
0.2418
0.2227
0.1845
0.1915
0.1877
0.177
0.177
0.1797
0.1742
0.1672
0.1644
0.1523
0.1619
0.1631
0.1616
0.1663
0.1851
0.1828
0.1766
0.1706
0.1666
0.1642
0.1724
0.1587
0.1678
0.1715
0.1717
0.1717
0.1681
0.1702
0.1744
0.1678
0.1676
0.1621
0.1622
0.1635
0.1637
0.157
0.1642
0.1693
0.1697
0.1697
0.1749
0.1774
0.1746
0.1784
0.1777
0.1762
0.1775
0.1808
0.2188
0.2096
0.178
0.1937
0.2202
0.2092
0.1982
0.2156
0.2076
0.1954
0.2256
0.2591
0.2611
0.2504
0.2708
0.2771
0.31
0.3095
0.3393
0.3862
0.3873
0.3987
0.4545
0.45
0.4545
0.498
0.5167
0.5235
0.5463
0.5787
0.6232
0.6773
0.7288
0.7401
0.713
0.7667
0.7591
0.7526
0.7582
0.7777
0.8257
0.7994
0.6804
0.6858
0.7175
0.7119
0.7375
0.7113
0.7433
0.7823
0.7338
0.7377
0.7367
0.7714
0.7565
0.7598
0.8003
0.748
0.7881
0.7552
0.7216
0.6912
0.6637
0.7574
0.8294
0.8449
0.8276
0.7644
0.7547
0.8667
0.7245
0.7123
0.7238
0.8184
0.7413
0.7238
0.7184
0.735
0.7841
0.7373
0.7396
0.7472
0.7189
0.6516
0.6143
0.6462
0.6753
0.7706
0.651
0.6768
0.7203
0.7037
0.7395
0.7147
0.7289
0.8072
0.8086
0.7792
0.7575
0.7393
0.7848
0.8203
0.8137
0.7682
0.7849
0.798
0.7912
0.8111
0.7886
0.7557
0.8112
0.7996
0.8393
0.7395
0.7018
0.7476
0.6674
0.6768
0.72
0.7384
0.798
0.8042
0.8296
0.7801
0.7054
0.6978
0.7488
0.7622
0.7463
0.7193
0.7442
0.7043
0.74
0.761
0.8311
0.8534
0.8694
0.8957
0.9278
0.9714
0.8706
0.8718
0.9164
0.88
0.9733
0.9432
0.9192
0.9364
0.9921
0.8965
0.9328
0.8767
0.9625
1.0316
0.9827
0.9964
0.9219
0.9166
0.9572
0.9345
0.9226
0.9186
0.853
0.7898
0.7845
0.798
0.8701
0.8781
0.9181
0.9229
0.919
0.8771
0.929
0.9485
0.9978
0.9752
0.9266
0.8151
0.8104
0.8396
0.8267
0.8344
0.8756
0.9227
0.8314
0.8349
0.8158
0.8032
0.8055
0.7932
0.8099
0.7807
0.7436
0.674
0.6634
0.6753
0.6786
0.5799
0.5407
0.5068
0.4624
0.4636
0.475
0.4686
0.4948
0.4654
0.4248
0.399
0.3651
0.3369
0.3412
0.3351
0.3151
0.3049
0.2922
0.267
0.2608
0.273
0.2717
0.2856
0.2805
0.2768
0.2443
0.2334
0.2155
0.2225
0.2271
0.2116
0.2107
0.2288
0.2175
0.2149
0.2274
0.213
0.2167
0.2201
0.2174
0.2192
0.2224
0.2212
0.2091
0.1959
0.2041
0.202
0.1937
0.1898
0.1764
0.1803
0.1827
0.1629
0.1757
0.1757
0.1809
0.1772
0.1784
0.1843
0.1821
0.1804
0.1775
0.1806
0.1828
0.1686
0.1822
0.1784
0.182
0.1767
0.175
0.1806
0.1796
0.1795
0.1727
0.185
0.1782
0.1662
0.1588
0.2066
0.1567
0.1547
0.1614
0.1518
0.1535
0.1554
0.1521
0.1589
0.1605
0.1601
0.1608
0.1604
0.1617
0.1727
0.1708
0.1704
0.1659
0.1744
0.2059
0.2001
0.1952
0.189
0.2001
0.2023
0.2412
0.2969
0.2754
0.283
0.2782
0.3014
0.3637
0.3703
0.3823
0.419
0.4025
0.3678
0.3992
0.422
0.4744
0.4698
0.4782
0.4174
0.4127
0.4552
0.5015
0.4691
0.4746
0.4829
0.52
0.477
0.5004
0.5326
0.5203
0.5414
0.5647
0.5638
0.5049
0.5619
0.5418
0.5054
0.5492
0.5493
0.5563
0.5629
0.5674
0.5687
0.6247
0.5983
0.6079
0.6132
0.5795
0.5494
0.5709
0.6146
0.6173
0.5805
0.5993
0.6236
0.6288
0.6259
0.6305
0.6597
0.6636
0.6979
0.6291
0.6512
0.6432
0.6003
0.611
0.581
0.5954
0.6379
0.6072
0.61
0.6632
0.7269
0.6648
0.6541
0.688
0.6246
0.5842
0.6395
0.6239
0.6197
0.6578
0.7081
0.6795
0.6732
0.6755
0.6878
0.6406
0.6651
0.6692
0.661
0.6823
0.6886
0.6687
0.6882
0.6999
0.69
0.6915
0.6468
0.6496
0.6556
0.7084
0.7323
0.6312
0.6149
0.6534
0.6488
0.6112
0.6564
0.6493
0.695
0.695
0.6777
0.6747
0.6631
0.5803
0.613
0.6041
0.6047
0.5777
0.6048
0.6487
0.6813
0.7959
0.7518
0.7552
0.7401
0.7181
0.7393
0.808
0.8643
0.864
0.9057
0.9281
0.8941
0.9257
1.0137
0.9709
0.8916
0.8628
0.9099
0.9213
0.91
0.8801
0.9022
0.9421
0.9351
0.9252
0.9646
0.8761
0.9318
0.9359
1.0316
0.9889
1.0287
0.9473
0.9178
0.9245
0.9015
0.9315
0.9472
0.8731
0.8451
0.8496
0.8659
0.9194
0.8918
0.9347
0.8505
0.7878
0.8104
0.8011
0.7653
0.7825
0.8215
0.8335
0.797
0.7598
0.7573
0.7819
0.7011
0.6927
0.6545
0.6539
0.6757
0.6274
0.6929
0.6418
0.5834
0.5555
0.5229
0.5123
0.4476
0.4245
0.4412
0.375
0.4006
0.3874
0.4
0.3695
0.3823
0.3479
0.3072
0.3301
0.331
0.3033
0.2782
0.2629
0.2724
0.3187
0.3049
0.2746
0.2467
0.2398
0.2393
0.2385
0.24
0.2372
0.2286
0.2047
0.2213
0.2247
0.2283
0.2178
0.2056
0.19
0.1883
0.1869
0.1899
0.1862
0.1733
0.1726
0.172
0.1646
0.1651
0.1649
0.1676
0.1633
0.1449
0.1615
0.1655
0.1614
0.1645
0.1585
0.1589
0.1506
0.1504
0.1489
0.1604
0.156
0.1384
0.1511
0.1549
0.1609
0.1564
0.1565
0.1567
0.1555
0.1561
0.1602
0.1587
0.1585
0.168
0.1682
0.1695
0.1734
0.165
0.1689
0.1777
0.1745
0.1749
0.1843
0.1799
0.1782
0.1799
0.1766
0.1743
0.1772
0.186
0.1809
0.178
0.2114
0.2087
0.1903
0.2018
0.1945
0.2266
0.2457
0.2638
0.2786
0.2993
0.303
0.3537
0.421
0.4242
0.4229
0.5044
0.4555
0.4044
0.4679
0.4613
0.4449
0.4453
0.4821
0.5371
0.5379
0.5157
0.5644
0.6463
0.6716
0.6756
0.6781
0.6715
0.6839
0.6702
0.6458
0.6784
0.6676
0.708
0.7425
0.6186
0.6348
0.6477
0.6864
0.6434
0.6818
0.698
0.6896
0.7188
0.8491
0.7819
0.7678
0.7006
0.7549
0.7951
0.8473
0.8617
0.8573
0.8929
0.8822
0.937
0.9662
0.8836
0.8642
0.8981
0.9345
0.8849
0.8133
0.8
0.8225
0.8199
0.852
0.7903
0.8373
0.8123
0.8151
0.86
0.7609
0.7018
0.6924
0.6722
0.757
0.7347
0.7551
0.7886
0.7858
0.7765
0.8911
0.8967
0.9054
0.8668
0.8232
0.8816
0.9157
0.8464
0.7615
0.7307
0.7797
0.8297
0.8254
0.8096
0.7837
0.7881
0.782
0.8815
0.9424
0.8836
0.871
0.8466
0.8958
0.9094
0.8471
0.9195
0.8961
0.7993
0.8288
0.885
0.8661
0.8843
0.8283
0.8262
0.8841
0.785
0.8219
0.8635
0.7744
0.7848
0.7531
0.8183
0.7954
0.8058
0.857
0.8592
0.8914
0.9761
1.0231
0.9999
0.9598
0.9043
0.896
0.8817
0.9244
0.9186
0.9188
0.9397
0.9622
0.9544
0.9618
0.9664
0.8744
0.8996
0.9768
1.0602
1.0774
1.0437
1.0984
1.2119
1.176
1.1965
1.1744
1.1494
1.1539
1.1129
1.1347
1.1145
1.064
1.1635
1.1162
1.1497
1.0716
1.0864
1.1131
1.094
1.0219
0.9942
1.0363
1.0687
1.1349
1.0752
1.1007
1.0136
1.0953
1.0281
1.0429
1.0838
1.0311
0.9346
0.8619
0.7916
0.7689
0.811
0.7812
0.7852
0.7875
0.7118
0.6692
0.6765
0.6141
0.5727
0.5639
0.4843
0.4603
0.408
0.4426
0.4307
0.3806
0.3942
0.3943
0.3702
0.3504
0.3688
0.3378
0.3282
0.3436
0.3387
0.3236
0.2887
0.2924
0.3217
0.3013
0.2822
0.274
0.2533
0.2712
0.2666
0.2504
0.2968
0.2413
0.2489
0.2334
0.225
0.2193
0.2266
0.2064
0.2004
0.1992
0.1945
0.1852
0.1922
0.1856
0.1831
0.1812
0.1783
0.1682
0.1679
0.1673
0.1377
0.1532
0.1543
0.1514
0.1516
0.1448
0.1581
0.1534
0.1517
0.1534
0.1508
0.1486
0.1412
0.1525
0.1612
0.1574
0.1509
0.1526
0.1568
0.1496
0.1478
0.1545
0.1505
0.1557
0.1561
0.1573
0.1555
0.1592
0.1572
0.1587
0.1525
0.1559
0.1522
0.148
0.1512
0.152
0.1485
0.1545
0.1524
0.1549
0.1549
0.1589
0.1538
0.1601
0.1596
0.1593
0.1518
0.1241
0.1433
0.1501
0.1557
0.1605
0.1998
0.19
0.2064
0.2015
0.2215
0.297
0.3129
0.2494
0.2382
0.2297
0.274
0.3101
0.323
0.2916
0.3457
0.4035
0.4875
0.502
0.5154
0.4742
0.4375
0.4578
0.4742
0.4991
0.4746
0.448
0.4143
0.4749
0.5241
0.5447
0.5502
0.5516
0.5095
0.5301
0.6095
0.6272
0.6753
0.6729
0.7031
0.691
0.7076
0.6813
0.6502
0.6876
0.7285
0.7134
0.7392
0.7742
0.8286
0.9067
0.9344
0.9365
0.9992
1.0016
1.0158
0.9995
0.9381
0.885
0.9233
0.9429
0.9992
0.9921
0.9936
1.0101
0.9882
0.9785
0.9367
0.8782
0.8666
0.9371
0.9149
0.8864
0.9048
0.9313
0.9317
0.9387
0.9315
0.8718
0.9385
0.898
0.8991
0.8717
0.8195
0.8754
0.8147
0.7812
0.7979
0.778
0.7204
0.7447
0.78
0.7073
0.7481
0.7857
0.7848
0.7811
0.7979
0.7773
0.791
0.7976
0.7595
0.734
0.7163
0.7361
0.7914
0.8653
0.8108
0.8118
0.8473
0.878
0.8681
0.8356
0.865
0.9311
0.8766
0.8871
0.8731
0.9876
0.9358
0.8883
0.8961
0.9019
0.8634
0.9102
0.9293
0.9317
0.9149
0.9305
0.8991
1.0104
1.0147
1.0102
0.9947
0.9928
0.9453
0.9755
0.9683
1.0127
0.9753
1.0188
1.075
0.9921
1.0023
1.0632
1.0405
0.9812
1.0117
0.9188
0.9035
0.9422
1.0298
1.0665
1.0231
1.0033
1.0445
0.9649
0.9664
0.9878
1.0264
1.0244
0.9979
0.9569
0.991
1.0048
1.0555
1.0842
1.1432
1.106
0.9806
1.0782
1.0216
0.9936
0.9768
0.9376
0.9712
0.9513
0.9093
0.8596
0.8568
0.8395
0.8089
0.774
0.729
0.7275
0.7107
0.6986
0.6327
0.5651
0.5239
0.4751
0.5158
0.4436
0.4249
0.4422
0.4725
0.4802
0.3646
0.3729
0.3885
0.3198
0.3648
0.4015
0.419
0.3834
0.4082
0.3784
0.3567
0.3397
0.3556
0.3275
0.3033
0.3305
0.347
0.3476
0.3582
0.3201
0.2422
0.1909
0.1844
0.1858
0.1816
0.1825
0.1763
0.1741
0.1657
0.1689
0.1896
0.166
0.168
0.182
0.1618
0.1628
0.1538
0.1473
0.1501
0.1532
0.1525
0.2125
0.2053
0.1485
0.1637
0.1663
0.1742
0.1715
0.1971
0.1754
0.1681
0.1574
0.1596
0.1648
0.1677
0.1581
0.1588
0.1606
0.1493
0.1454
0.1439
0.1432
0.1555
0.1734
0.1559
0.1517
0.1546
0.1545
0.1531
0.1535
0.1504
0.1524
0.1636
0.164
0.168
0.167
0.1614
0.1591
0.1569
0.1635
0.1619
0.1624
0.1882
0.199
0.1956
0.1977
0.2018
0.196
0.1994
0.1981
0.1977
0.2008
0.198
0.1993
0.1979
0.2598
0.2623
0.3097
0.2942
0.2931
0.3055
0.2975
0.3028
0.3068
0.325
0.3339
0.3856
0.4112
0.3565
0.3363
0.3962
0.4534
0.4374
0.4106
0.4483
0.474
0.4577
0.4425
0.4211
0.4482
0.4485
0.4552
0.4785
0.4837
0.5003
0.5089
0.4887
0.4682
0.4986
0.5331
0.6202
0.5992
0.6811
0.6552
0.686
0.7266
0.7416
0.6832
0.74
0.6783
0.755
0.7802
0.7827
0.8382
0.7824
0.7458
0.794
0.8441
0.932
1.0104
1.0215
0.9747
0.8833
0.8422
0.8368
0.9065
0.8266
0.7957
0.7671
0.7488
0.8403
0.8771
0.8685
0.7953
0.7388
0.7745
0.7942
0.8059
0.8372
0.8101
0.8425
0.776
0.8055
0.7565
0.7649
0.8164
0.845
0.8258
0.8758
0.8003
0.8397
0.7892
0.7801
0.7736
0.7658
0.8033
0.7211
0.653
0.7133
0.742
0.6977
0.8355
0.6842
0.6808
0.7173
0.7286
0.6883
0.7493
0.7596
0.75
0.7297
0.7007
0.7036
0.6585
0.6657
0.6984
0.7244
0.6753
0.6244
0.6664
0.6372
0.6799
0.7139
0.7877
0.7112
0.7928
0.7779
0.7635
0.7882
0.8138
0.8437
0.8341
0.7925
0.8001
0.7935
0.7862
0.7787
0.845
0.8412
0.8834
0.8569
0.9398
0.9132
0.8549
0.829
0.8977
0.8937
0.9588
0.9423
0.9614
0.8943
0.8621
0.8496
0.8479
0.8958
0.8543
0.8189
0.8994
0.8798
0.8615
0.9289
0.911
0.8639
0.8826
0.8749
0.7827
0.7438
0.7506
0.783
0.7972
0.7872
0.7866
0.7942
0.8533
0.8533
0.8915
0.8967
0.9101
0.8712
0.7926
0.766
0.7536
0.6948
0.6644
0.5897
0.6073
0.5428
0.4887
0.4805
0.4725
0.4673
0.4554
0.4435
0.4245
0.4295
0.4163
0.4502
0.4196
0.3967
0.4369
0.4395
0.4463
0.3939
0.3806
0.4022
0.3662
0.3264
0.3182
0.3183
0.3073
0.3158
0.3085
0.3054
0.2969
0.2928
0.2984
0.2864
0.2777
0.2832
0.2537
0.2547
0.2419
0.2562
0.2638
0.2734
0.2681
0.2353
0.2304
0.2245
0.2126
0.2147
0.2507
0.2404
0.2436
0.2277
0.209
0.2037
0.2085
0.1959
0.1973
0.2026
0.2054
0.2118
0.2071
0.2139
0.2328
0.2234
0.2168
0.2142
0.219
0.2083
0.2136
0.2035
0.203
0.2028
0.196
0.2025
0.2068
0.2082
0.2151
0.2099
0.2072
0.2125
0.2187
0.2228
0.2169
0.2297
0.22
0.2207
0.2568
0.2219
0.2237
0.2233
0.2315
0.2248
0.2309
0.2455
0.2406
0.2145
0.2315
0.2363
0.2596
0.2741
0.2905
0.2978
0.2937
0.3083
0.2972
0.3377
0.3455
0.3648
0.3281
0.2951
0.3064
0.3593
0.4317
0.428
0.4631
0.4615
0.5134
0.5078
0.5113
0.6284
0.6319
0.6284
0.6731
0.6447
0.6334
0.6237
0.6512
0.6749
0.6585
0.7597
0.7867
0.73
0.8256
0.8162
0.7781
0.7579
0.7634
0.7636
0.7273
0.7887
0.8384
0.8589
0.7883
0.7684
0.7606
0.8005
0.8291
0.7625
0.7725
0.7846
0.8829
0.865
0.8555
0.8686
0.8834
0.9439
0.9433
0.8963
0.9467
0.9769
0.9521
0.9885
1.0443
0.9973
1.0518
1.0877
0.9675
0.9486
1.0025
1.0251
1.0392
0.9992
0.9683
0.9309
0.9095
0.9111
0.8638
0.8678
0.8777
0.8453
0.9195
0.9095
0.8729
0.8835
0.859
0.9374
0.9014
0.9649
0.9506
0.869
0.8737
0.8971
0.9277
0.9705
0.95
0.953
0.9744
0.972
0.9269
0.9236
0.9376
0.9108
0.9239
0.9363
0.8718
0.9634
0.9464
0.9014
0.8896
0.8639
0.8603
0.8683
0.9135
0.8894
0.9708
0.9355
0.9776
1.0163
0.9981
0.9321
0.9991
1.0166
0.9909
1.008
1.0557
0.9895
0.9928
0.9878
1.0468
1.043
1.0602
1.0394
1.133
1.1861
1.19
1.1258
1.1083
1.1567
1.1187
1.1385
1.0962
1.1985
1.1882
1.1374
1.2041
1.1782
1.181
1.1378
1.2243
1.2337
1.2666
1.2315
1.2307
1.2691
1.2355
1.235
1.1665
1.1158
1.1259
1.154
1.0869
1.0775
1.0335
0.996
0.9927
1.0327
1.1138
1.1468
1.1323
1.1578
1.1823
1.1313
1.0666
1.0671
0.9797
0.935
0.9352
0.9111
0.9634
1.013
0.9967
0.9219
0.9943
1.0204
0.9929
0.989
0.9629
0.9704
0.9799
0.9181
0.8708
0.7873
0.729
0.6458
0.619
0.6007
0.5841
0.5384
0.4767
0.4659
0.4817
0.4635
0.4471
0.4442
0.4086
0.3997
0.3879
0.3339
0.3465
0.341
0.3389
0.3296
0.3087
0.293
0.2911
0.2989
0.2965
0.2962
0.3101
0.3585
0.3363
0.2368
0.2384
0.243
0.2223
0.2432
0.2285
0.2176
0.2232
0.2224
0.2183
0.2156
0.2184
0.2174
0.2244
0.2154
0.2323
0.223
0.2166
0.2045
0.1998
0.1938
0.1935
0.1852
0.1952
0.1965
0.1946
0.1989
0.2037
0.1876
0.1843
0.1911
0.1788
0.1818
0.1802
0.1706
0.1797
0.178
0.1804
0.1824
0.1843
0.1783
0.1801
0.1767
0.2263
0.2437
0.2707
0.1917
0.193
0.1888
0.1988
0.2013
0.204
0.1936
0.1995
0.1988
0.1898
0.1854
0.1862
0.1756
0.1787
0.1862
0.1796
0.1938
0.1963
0.1906
0.216
0.2164
0.2199
0.2318
0.2393
0.23
0.2633
0.2654
0.2424
0.2859
0.3116
0.2729
0.304
0.3428
0.3043
0.3573
0.3725
0.3955
0.4149
0.4166
0.4532
0.5453
0.6204
0.552
0.546
0.5756
0.553
0.5784
0.6128
0.5996
0.61
0.6671
0.6683
0.6955
0.6927
0.7094
0.701
0.7145
0.7635
0.7913
0.7552
0.7913
0.7436
0.7075
0.7274
0.757
0.7612
0.7141
0.7247
0.7057
0.6849
0.7225
0.7631
0.74
0.7693
0.8055
0.8735
0.8621
0.9391
0.9212
0.8578
0.8877
0.9314
0.9557
0.9664
0.9494
1.0051
1.0338
0.9354
0.9352
0.9126
0.8763
0.899
0.9312
0.8749
0.8678
0.8741
0.8671
0.7674
0.7805
0.7935
0.7424
0.7439
0.7605
0.7732
0.7572
0.7915
0.755
0.7621
0.8192
0.8368
0.8523
0.8985
0.8949
0.8526
0.8875
0.9863
1.0402
1.0502
1.0073
0.9831
0.9945
0.902
0.8968
0.8665
0.9255
0.9573
1.0478
1.0414
1.0107
1.0187
1.0235
1.0038
1.0083
0.9844
0.965
0.9561
0.9293
0.901
0.9182
0.9512
0.9024
0.9266
0.8449
0.852
0.8624
0.92
0.9419
0.9774
0.9729
0.9628
0.924
0.8874
0.9473
0.9799
0.9616
0.9548
1.0257
1.1095
1.0395
1.0591
1.0512
0.9886
0.954
0.9455
0.9364
1.0153
1.1018
1.1174
1.1425
1.0991
1.0977
1.0292
1.0226
1.0458
1.0556
1.0182
1.035
1.0337
1.0527
1.0329
1.0483
1.0574
1.0903
1.0105
1.0417
1.0936
1.1128
1.0494
1.1068
1.0989
1.0118
0.9024
0.9508
0.9225
0.9781
0.9527
0.9793
1.0171
0.9332
0.9006
0.8815
0.8638
0.8956
0.8032
0.7725
0.7824
0.7654
0.875
0.8006
0.7045
0.7434
0.7397
0.7464
0.7554
0.6549
0.5989
0.5338
0.5182
0.4846
0.4424
0.473
0.3919
0.3722
0.3291
0.339
0.3318
0.314
0.3474
0.3366
0.3626
0.3513
0.3441
0.3334
0.2907
0.2753
0.2784
0.2713
0.259
0.2699
0.2627
0.2878
0.2707
0.2596
0.2432
0.2208
0.2178
0.2487
0.271
0.2266
0.2197
0.2265
0.2015
0.2096
0.2159
0.2247
0.209
0.2075
0.2118
0.2025
0.2052
0.2122
0.1843
0.1843
0.2071
0.1964
0.1953
0.1995
0.1998
0.2342
0.1875
0.1666
0.172
0.1715
0.1569
0.1494
0.1494
0.139
0.1521
0.1569
0.1511
0.16
0.159
0.1659
0.165
0.1619
0.1555
0.1633
0.1587
0.1755
0.1702
0.1719
0.1715
0.1743
0.1693
0.1704
0.1713
0.1621
0.1718
0.1707
0.171
0.1684
0.1763
0.173
0.1748
0.1832
0.1848
0.1844
0.1872
0.2
0.1832
0.1978
0.2476
0.288
0.2662
0.3003
0.3628
0.4018
0.3811
0.4447
0.477
0.5564
0.6013
0.565
0.676
0.5162
0.5247
0.4753
0.4727
0.4996
0.5557
0.4944
0.5149
0.5452
0.566
0.5524
0.5942
0.6603
0.6495
0.6599
0.7113
0.7236
0.7744
0.7727
0.7862
0.7941
0.8269
0.8331
0.8199
0.8361
0.8504
0.8437
0.8479
0.8311
0.8126
0.7656
0.8091
0.7884
0.7567
0.7764
0.7937
0.8697
0.9528
0.8566
0.8624
0.8961
0.9396
1.0331
1.0333
1.027
1.006
0.9923
1.043
1.0235
1.037
1.0795
0.9756
1.0058
0.9799
0.9612
0.9608
0.9032
0.8427
0.7857
0.7685
0.7417
0.7706
0.755
0.7857
0.806
0.8518
0.8468
0.8505
0.8854
0.8428
0.8884
0.8809
0.9548
0.9625
0.9361
0.9772
0.9073
0.8826
0.9371
0.9125
0.9204
0.9303
0.942
0.8948
0.8777
0.9098
0.8707
0.9299
0.9346
0.8942
0.8319
0.8467
0.8092
0.8463
0.847
0.8614
0.9303
0.9622
0.9706
0.975
0.9086
0.9219
0.9499
0.8695
0.8931
0.8643
0.8695
0.8318
0.832
0.8738
0.8885
0.9589
0.8379
0.8007
0.9162
0.9275
0.9284
1.0026
1.0259
1.0591
1.1552
1.1272
1.0764
1.1579
1.1077
1.067
1.119
1.2157
1.1614
1.1271
1.0975
1.0313
1.0137
0.9334
0.8993
0.8878
0.8772
0.894
0.8687
0.881
0.9044
0.9445
0.9318
0.8757
0.9767
0.8416
0.8849
0.898
0.9829
0.9341
0.8796
1.0026
0.8784
0.9279
1.023
1.0482
0.9446
0.9716
0.9167
0.8586
0.905
0.9633
0.9948
1.0095
0.952
0.9017
0.9555
0.9167
0.8052
0.8071
0.7892
0.7556
0.7717
0.7599
0.7408
0.7572
0.7234
0.7092
0.7201
0.7274
