60 0.0
62 0.0
64 0.0
66 0.0016
67 0.0017
70 0.0017
71 0.0017
72 0.0017
74 0.163
75 0.164
76 0.1642
77 0.1642
78 0.1649
79 0.1651
80 0.1651
81 0.1654
82 0.2463
83 0.2466
84 0.2471
85 0.2478
86 0.3298
87 0.3301
88 0.3419
89 0.3464
90 0.3476
91 0.3491
92 0.3505
93 0.3516
94 0.3702
95 0.3707
96 0.3716
97 0.3721
98 0.3836
99 0.3842
100 0.3851
101 0.3859
102 0.3951
103 0.3985
104 0.3996
105 0.4006
106 0.4055
107 0.4061
108 0.407
109 0.4076
110 0.44
111 0.4406
112 0.4417
113 0.4422
114 0.4565
115 0.4583
116 0.4591
117 0.4599
118 0.461
119 0.462
120 0.4633
121 0.4638
122 0.4644
123 0.4747
124 0.4755
125 0.4763
126 0.4769
127 0.4826
128 0.4833
129 0.4841
130 0.4849
131 0.4858
132 0.4866
133 0.4871
134 0.4883
135 0.4886
136 0.4909
137 0.4914
138 0.4922
139 0.4935
140 0.4941
141 0.4945
142 0.4952
143 0.4957
144 0.496
145 0.4963
146 0.4967
147 0.4971
148 0.4976
149 0.498
150 0.4986
151 0.4989
152 0.4992
153 0.4995
154 0.5
155 0.5009
156 0.5012
157 0.5015
158 0.5029
159 0.5034
160 0.5037
161 0.5041
162 0.5056
163 0.506
164 0.5062
165 0.5066
166 0.5071
167 0.5076
168 0.5079
169 0.5085
170 0.5089
171 0.5093
172 0.5096
173 0.5099
174 0.5102
175 0.5106
176 0.5108
177 0.5112
178 0.5115
179 0.5119
180 0.5122
181 0.5126
182 0.5131
183 0.5135
184 0.5137
185 0.5141
186 0.5143
187 0.5146
188 0.5149
189 0.5152
190 0.5155
191 0.5158
192 0.516
193 0.5164
194 0.5166
195 0.517
196 0.5173
197 0.5175
198 0.5179
199 0.5181
200 0.519
201 0.5193
202 0.5195
203 0.5198
204 0.5201
205 0.5204
206 0.5206
207 0.5208
208 0.5211
209 0.5213
210 0.5216
211 0.5221
212 0.5223
213 0.5226
214 0.5228
215 0.523
216 0.5231
217 0.5234
218 0.5235
219 0.5237
220 0.5239
221 0.5241
222 0.5243
223 0.5246
224 0.5247
225 0.525
226 0.5251
227 0.5254
228 0.5256
229 0.5258
230 0.526
231 0.5262
232 0.5263
233 0.5266
234 0.5267
235 0.527
236 0.5271
237 0.5273
238 0.5275
239 0.5276
240 0.5278
241 0.528
242 0.5281
243 0.5283
244 0.5285
245 0.5286
246 0.5288
247 0.529
248 0.5291
249 0.5293
250 0.5295
251 0.5298
252 0.5299
253 0.5301
254 0.5303
255 0.5305
256 0.5306
257 0.5308
258 0.5309
259 0.5311
260 0.5312
261 0.5314
262 0.5317
263 0.5319
264 0.532
265 0.5322
266 0.5323
267 0.5325
268 0.5326
269 0.5328
270 0.5329
271 0.5331
272 0.5332
273 0.5334
274 0.5335
275 0.5337
276 0.5338
277 0.534
278 0.5342
279 0.5344
280 0.5345
281 0.5347
282 0.5348
283 0.5349
284 0.535
285 0.5352
286 0.5353
287 0.5355
288 0.5356
289 0.5358
290 0.5361
291 0.5363
292 0.5364
293 0.5365
294 0.5367
295 0.5368
296 0.537
297 0.5371
298 0.5372
299 0.5374
300 0.5375
301 0.5376
302 0.5377
303 0.5379
304 0.5384
305 0.5385
306 0.5386
307 0.5387
308 0.5388
309 0.5389
310 0.5391
311 0.5392
312 0.5393
313 0.5394
314 0.5396
315 0.5397
316 0.54
317 0.5401
318 0.5402
319 0.5404
320 0.5405
321 0.5407
322 0.5408
323 0.5409
324 0.5411
325 0.5412
326 0.5413
327 0.5414
328 0.5415
329 0.5416
330 0.5417
331 0.5418
332 0.542
333 0.5421
334 0.5423
335 0.5424
336 0.5425
337 0.5427
338 0.5427
339 0.5428
340 0.5429
341 0.5431
342 0.5432
343 0.5433
344 0.5434
345 0.5435
346 0.5436
347 0.5437
348 0.5438
349 0.5439
350 0.544
351 0.5441
352 0.5442
353 0.5444
354 0.5445
355 0.5446
356 0.5446
357 0.5447
358 0.5448
359 0.545
360 0.5451
361 0.5452
362 0.5452
363 0.5453
364 0.5454
365 0.5455
366 0.5456
367 0.5456
368 0.5457
369 0.5458
370 0.5459
371 0.546
372 0.546
373 0.5461
374 0.5462
375 0.5463
376 0.5464
377 0.5465
378 0.5465
379 0.5466
380 0.5467
381 0.5468
382 0.5468
383 0.547
384 0.5471
385 0.5472
386 0.5472
387 0.5473
388 0.5474
389 0.5475
390 0.5475
391 0.5476
392 0.5477
393 0.5478
394 0.5479
395 0.548
396 0.548
397 0.5481
398 0.5484
399 0.5484
400 0.5485
401 0.5486
402 0.5487
403 0.5488
404 0.5488
405 0.5489
406 0.549
407 0.549
408 0.5491
409 0.5492
410 0.5492
411 0.5494
412 0.5494
413 0.5495
414 0.5495
415 0.5496
416 0.5497
417 0.5497
418 0.5498
419 0.5499
420 0.5499
421 0.55
422 0.5501
423 0.5501
424 0.5502
425 0.5503
426 0.5504
427 0.5505
428 0.5505
429 0.5506
430 0.5506
431 0.5507
432 0.5593
433 0.5594
434 0.5595
435 0.5595
436 0.5596
437 0.5597
438 0.5597
439 0.5598
440 0.5599
441 0.5599
442 0.5601
443 0.5602
444 0.5603
445 0.5604
446 0.5605
447 0.5606
448 0.5607
449 0.5608
450 0.5609
451 0.561
452 0.561
453 0.5611
454 0.5612
455 0.5613
456 0.5614
457 0.5614
458 0.5615
459 0.5616
460 0.5616
461 0.5617
462 0.5617
463 0.5618
464 0.5619
465 0.5619
466 0.562
467 0.562
468 0.5621
469 0.5622
470 0.5622
471 0.5622
472 0.5623
473 0.5623
474 0.5624
475 0.5625
476 0.5625
477 0.5625
478 0.5626
479 0.5626
480 0.5627
481 0.5627
482 0.5628
483 0.5628
484 0.5629
485 0.5629
486 0.563
487 0.563
488 0.563
489 0.5631
490 0.5631
491 0.5632
492 0.5632
493 0.5632
494 0.5633
495 0.5633
496 0.5634
497 0.5634
498 0.5635
499 0.5635
500 0.5636
501 0.5636
502 0.5636
503 0.5637
504 0.5637
505 0.5638
506 0.5638
507 0.5639
508 0.5639
509 0.5639
510 0.564
511 0.564
512 0.5641
513 0.5641
514 0.5641
515 0.5642
516 0.5642
517 0.5643
518 0.5643
519 0.5644
520 0.5644
521 0.5644
522 0.5645
523 0.5645
524 0.5646
525 0.5646
526 0.5646
527 0.5647
528 0.5647
529 0.5648
530 0.5648
531 0.5648
532 0.5649
533 0.5649
534 0.565
535 0.565
536 0.565
537 0.5651
538 0.5651
539 0.5651
540 0.5652
541 0.5652
542 0.5652
543 0.5653
544 0.5653
545 0.5653
546 0.5654
547 0.5654
548 0.5655
549 0.5655
550 0.5655
551 0.5656
552 0.5656
553 0.5657
554 0.5657
555 0.5658
556 0.5658
557 0.5658
558 0.5659
559 0.5659
560 0.566
561 0.566
562 0.566
563 0.566
564 0.5661
565 0.5661
566 0.5661
567 0.5662
568 0.5662
569 0.5662
570 0.5663
571 0.5663
572 0.5663
573 0.5663
574 0.5664
575 0.5664
576 0.5665
577 0.5665
578 0.5665
579 0.5665
580 0.5666
581 0.5666
582 0.5666
583 0.5666
584 0.5667
585 0.5667
586 0.5667
587 0.5667
588 0.5668
589 0.5669
590 0.5669
591 0.5673
592 0.5673
593 0.5673
594 0.5673
595 0.5674
596 0.5674
597 0.5674
598 0.5674
599 0.5675
600 0.5675
601 0.5676
602 0.5677
603 0.5679
604 0.5681
605 0.5681
606 0.5682
607 0.5683
608 0.5683
609 0.5684
610 0.5718
611 0.5718
612 0.5719
613 0.5719
614 0.5719
615 0.5719
616 0.572
617 0.572
618 0.572
619 0.572
620 0.5721
621 0.5721
622 0.5721
623 0.5722
624 0.5722
625 0.5722
626 0.5722
627 0.5722
628 0.5723
629 0.5723
630 0.5723
631 0.5724
632 0.5724
633 0.5724
634 0.5724
635 0.5725
636 0.5725
637 0.5725
638 0.5726
639 0.5726
640 0.5726
641 0.5727
642 0.5727
643 0.5727
644 0.5727
645 0.5727
646 0.5727
647 0.5728
648 0.5728
649 0.5728
650 0.5728
651 0.5728
652 0.5729
653 0.5729
654 0.5729
655 0.5729
656 0.5729
657 0.5729
658 0.573
659 0.573
660 0.573
661 0.573
662 0.5731
663 0.5731
664 0.5732
665 0.5732
666 0.5732
667 0.5732
668 0.5733
669 0.5733
670 0.5733
671 0.5733
672 0.5733
673 0.5734
674 0.5734
675 0.5734
676 0.5734
677 0.5734
678 0.5735
679 0.5735
680 0.5735
681 0.5735
682 0.5735
683 0.5736
684 0.5736
685 0.5736
686 0.5736
687 0.5737
688 0.5737
689 0.5737
690 0.5737
691 0.5737
692 0.5737
693 0.5737
694 0.5738
695 0.5738
696 0.5738
697 0.5738
698 0.5738
699 0.5738
700 0.5738
701 0.5739
702 0.5739
703 0.5739
704 0.5739
705 0.5739
706 0.5739
707 0.574
708 0.5743
709 0.5743
710 0.5743
711 0.5743
712 0.5743
713 0.5744
714 0.5744
715 0.5744
716 0.5744
717 0.5744
718 0.5744
719 0.5744
720 0.5748
721 0.5748
722 0.5748
723 0.5749
724 0.5749
725 0.575
726 0.575
727 0.575
728 0.575
729 0.575
730 0.575
731 0.575
732 0.575
733 0.575
734 0.5751
735 0.5751
736 0.5751
737 0.5751
738 0.5751
739 0.5752
740 0.5752
741 0.5752
742 0.5752
743 0.5752
744 0.5752
745 0.5752
746 0.5752
747 0.5753
748 0.5753
749 0.5753
750 0.5753
751 0.5753
752 0.5753
753 0.5753
754 0.5753
755 0.5754
756 0.5754
757 0.5754
758 0.5754
759 0.5754
760 0.5754
761 0.5754
762 0.5755
763 0.5755
764 0.5755
765 0.5755
766 0.5755
767 0.5755
768 0.5755
769 0.5756
770 0.5756
771 0.5756
772 0.5756
773 0.5756
774 0.5756
775 0.5757
776 0.5757
777 0.5757
778 0.5757
779 0.5757
780 0.5757
781 0.5757
782 0.5762
783 0.5762
784 0.5762
785 0.5762
786 0.5763
787 0.5763
788 0.5763
789 0.5763
790 0.5763
791 0.5763
792 0.5764
793 0.5764
794 0.5764
795 0.5764
796 0.5764
797 0.5764
798 0.5764
799 0.5765
800 0.5765
801 0.5765
802 0.5765
803 0.5765
804 0.5765
805 0.5765
806 0.5765
807 0.5765
808 0.5766
809 0.5766
810 0.5766
811 0.5766
812 0.5766
813 0.5766
814 0.5766
815 0.5766
816 0.5767
817 0.5767
818 0.5767
819 0.5767
820 0.5767
821 0.5767
822 0.5767
823 0.5768
824 0.5768
825 0.5768
826 0.5768
827 0.5768
828 0.5768
829 0.5768
830 0.5768
831 0.5768
832 0.5769
833 0.5769
834 0.5769
835 0.5769
836 0.5769
837 0.5769
838 0.5769
839 0.5769
840 0.5769
841 0.577
842 0.577
843 0.577
844 0.577
845 0.577
846 0.577
847 0.577
848 0.577
849 0.577
850 0.5771
851 0.5771
852 0.5771
853 0.5771
854 0.5771
855 0.5771
856 0.5771
857 0.5772
858 0.5772
859 0.5772
860 0.5773
861 0.5773
862 0.5773
863 0.5773
864 0.5773
865 0.5774
866 0.5774
867 0.5774
868 0.5774
869 0.5774
870 0.5774
871 0.5775
872 0.5775
873 0.5775
874 0.5776
875 0.5776
876 0.5776
877 0.5776
878 0.5776
879 0.5776
880 0.5777
881 0.5777
882 0.5777
883 0.5777
884 0.5777
885 0.5777
886 0.5777
887 0.5778
888 0.5778
889 0.5778
890 0.5778
891 0.5778
892 0.5778
893 0.5779
894 0.5779
895 0.5779
896 0.5779
897 0.5779
898 0.5779
899 0.5779
900 0.5779
901 0.5779
902 0.578
903 0.578
904 0.578
905 0.578
906 0.578
907 0.5781
908 0.5781
909 0.5781
910 0.5781
911 0.5781
912 0.5781
913 0.5781
914 0.5782
915 0.5782
916 0.5782
917 0.5782
918 0.5782
919 0.5782
920 0.5782
921 0.5782
922 0.5782
923 0.5782
924 0.5782
925 0.5783
926 0.5783
927 0.5783
928 0.5783
929 0.5784
930 0.5798
931 0.5798
932 0.5798
933 0.5798
934 0.5798
935 0.5798
936 0.5799
937 0.5799
938 0.58
939 0.58
940 0.58
941 0.58
942 0.58
943 0.58
944 0.5801
945 0.5801
946 0.5801
947 0.5801
948 0.5801
949 0.5801
950 0.5802
951 0.5802
952 0.5802
953 0.5802
954 0.5803
955 0.5805
956 0.5805
957 0.5805
958 0.5805
959 0.5805
960 0.5806
961 0.5806
962 0.5806
963 0.5806
964 0.5806
965 0.5806
966 0.5807
967 0.5807
968 0.5808
969 0.5808
970 0.5808
971 0.5808
972 0.5808
973 0.5808
974 0.5809
975 0.5809
976 0.5809
977 0.5809
978 0.5809
979 0.5809
980 0.5809
981 0.5809
982 0.5809
983 0.581
984 0.581
985 0.5811
986 0.5811
987 0.5811
988 0.5812
989 0.5812
990 0.5812
991 0.5812
992 0.5812
993 0.5812
994 0.5812
995 0.5812
996 0.5812
997 0.5812
998 0.5813
999 0.5813
1000 0.5813
1001 0.5813
1002 0.5813
1003 0.5813
1004 0.5813
1005 0.5813
1006 0.5814
1007 0.5814
1008 0.5814
1009 0.5814
1010 0.5814
1011 0.5814
1012 0.5814
1013 0.5814
1014 0.5814
1015 0.5814
1016 0.5814
1017 0.5814
1018 0.5815
1019 0.5815
1020 0.5815
1021 0.5815
1022 0.5815
1023 0.5815
1024 0.5815
1025 0.5815
1026 0.5815
1027 0.5815
1028 0.5815
1029 0.5815
1030 0.5816
1031 0.5816
1032 0.5816
1033 0.5816
1034 0.5816
1035 0.5816
1036 0.5816
1037 0.5816
1038 0.5816
1039 0.5818
1040 0.5818
1041 0.5819
1042 0.5819
1043 0.5819
1044 0.5819
1045 0.5819
1046 0.5819
1047 0.5819
1048 0.5819
1049 0.5819
1050 0.5819
1051 0.5819
1052 0.5819
1053 0.582
1054 0.582
1055 0.582
1056 0.582
1057 0.582
1058 0.582
1059 0.582
1060 0.582
1061 0.582
1062 0.582
1063 0.582
1064 0.582
1065 0.582
1066 0.5821
1067 0.5821
1068 0.5821
1069 0.5821
1070 0.5822
1071 0.5822
1072 0.5822
1073 0.5822
1074 0.5822
1075 0.5822
1076 0.5822
1077 0.5822
1078 0.5822
1079 0.5822
1080 0.5822
1081 0.5822
1082 0.5823
1083 0.5823
1084 0.5823
1085 0.5823
1086 0.5823
1087 0.5823
1088 0.5823
1089 0.5823
1090 0.5824
1091 0.5824
1092 0.5824
1093 0.5824
1094 0.5824
1095 0.5824
1096 0.5824
1097 0.5824
1098 0.5825
1099 0.5825
1100 0.5825
1101 0.5825
1102 0.5825
1103 0.5825
1104 0.5825
1105 0.5826
1106 0.5826
1107 0.5826
1108 0.5826
1109 0.5826
1110 0.5826
1111 0.5827
1112 0.5827
1113 0.5827
1114 0.5827
1115 0.5827
1116 0.5827
1117 0.5827
1118 0.5827
1119 0.5827
1120 0.5827
1121 0.5827
1122 0.5827
1123 0.5828
1124 0.5828
1125 0.5828
1126 0.5828
1127 0.5828
1128 0.5828
1129 0.5828
1130 0.5829
1131 0.5829
1132 0.5829
1133 0.5829
1134 0.5829
1135 0.5829
1136 0.5829
1137 0.583
1138 0.583
1139 0.583
1140 0.583
1141 0.583
1142 0.583
1143 0.5831
1144 0.5831
1145 0.5831
1146 0.5831
1147 0.5831
1148 0.5831
1149 0.5831
1150 0.5832
1151 0.5835
1152 0.5835
1153 0.5836
1154 0.5836
1155 0.5836
1156 0.5836
1157 0.5836
1158 0.5836
1159 0.5836
1160 0.5837
1161 0.5837
1162 0.5837
1163 0.5837
1164 0.5837
1165 0.5837
1166 0.5837
1167 0.5838
1168 0.5838
1169 0.5838
1170 0.5838
1171 0.5838
1172 0.5838
1173 0.5838
1174 0.5839
1175 0.5839
1176 0.5839
1177 0.5839
1178 0.5839
1179 0.5839
1180 0.5839
1181 0.584
1182 0.584
1183 0.584
1184 0.584
1185 0.5841
1186 0.5844
1187 0.5845
1188 0.5845
1189 0.5845
1190 0.5845
1191 0.5846
1192 0.5846
1193 0.5846
1194 0.5846
1195 0.5848
1196 0.5848
1197 0.5848
1198 0.5848
1199 0.5848
1200 0.5848
1201 0.5848
1202 0.5848
1203 0.5848
1204 0.5848
1205 0.5849
1206 0.5849
1207 0.5849
1208 0.5852
1209 0.5852
1210 0.5852
1211 0.5853
1212 0.5853
1213 0.5855
1214 0.5855
1215 0.5855
1216 0.5855
1217 0.5855
1218 0.5855
1219 0.5855
1220 0.5855
1221 0.5855
1222 0.5855
1223 0.5856
1224 0.5856
1225 0.5856
1226 0.5856
1227 0.5856
1228 0.5856
1229 0.5856
1230 0.5856
1231 0.5856
1232 0.5857
1233 0.5857
1234 0.5857
1235 0.5857
1236 0.5857
1237 0.5858
1238 0.5858
1239 0.5858
1240 0.5858
1241 0.5858
1242 0.5858
1243 0.5859
1244 0.5859
1245 0.5859
1246 0.586
1247 0.586
1248 0.586
1249 0.586
1250 0.5873
1251 0.5873
1252 0.5873
1253 0.5873
1254 0.5873
1255 0.5877
1256 0.5877
1257 0.5877
1258 0.5877
1259 0.5877
1260 0.5877
1261 0.5877
1262 0.5886
1263 0.5903
1264 0.5903
1265 0.5903
1266 0.5905
1267 0.5905
1268 0.5905
1269 0.5905
1270 0.5905
1271 0.5913
1272 0.5913
1273 0.5913
1274 0.5917
1275 0.5917
1276 0.5922
1277 0.5922
1278 0.6021
1279 0.6087
1280 0.6109
1281 0.6123
1282 0.6158
1283 0.6222
1284 0.6342
1285 0.6424
1286 0.6424
1287 0.6438
1288 0.6438
1289 0.6438
1290 0.6439
1291 0.6441
1292 0.6441
1293 0.6442
1294 0.743
1295 0.743
1296 0.7431
1297 0.7431
1298 0.7431
1299 0.7452
1300 0.7452
1301 0.7452
1302 0.7453
1303 0.7453
1304 0.7453
1305 0.7453
1306 0.7453
1307 0.7453
1308 0.7453
1309 0.7454
1310 0.7454
1311 0.7455
1312 0.7455
1313 0.7455
1314 0.7456
1315 0.7456
1316 0.7456
1317 0.7456
1318 0.7457
1319 0.7457
1320 0.7457
1321 0.7457
1322 0.7457
1323 0.7457
1324 0.7457
1325 0.7458
1326 0.7458
1327 0.7458
1328 0.7458
1329 0.7458
1330 0.7458
1331 0.7458
1332 0.7458
1333 0.7458
1334 0.8351
1335 0.8352
1336 0.8352
1337 0.8352
1338 0.8352
1339 0.8352
1340 0.8352
1341 0.8352
1342 0.8353
1343 0.8353
1344 0.8353
1345 0.8353
1346 0.8353
1347 0.8353
1348 0.8353
1349 0.8353
1350 0.8353
1351 0.8355
1352 0.8355
1353 0.8355
1354 0.8356
1355 0.8356
1356 0.8356
1357 0.8356
1358 0.8356
1359 0.8359
1360 0.8359
1361 0.836
1362 0.836
1363 0.836
1364 0.836
1365 0.836
1366 0.836
1367 0.836
1368 0.8361
1369 0.8361
1370 0.8361
1371 0.8361
1372 0.8362
1373 0.8362
1374 0.8362
1375 0.8362
1376 0.8362
1377 0.8362
1378 0.8362
1379 0.8362
1380 0.8362
1381 0.8362
1382 0.8362
1383 0.8362
1384 0.8363
1385 0.8363
1386 0.8363
1387 0.8363
1388 0.8365
1389 0.8365
1390 0.8367
1391 0.8367
1392 0.8368
1393 0.8368
1394 0.837
1395 0.837
1396 0.837
1397 0.837
1398 0.8372
1399 0.8375
1400 0.8375
1401 0.8375
1402 0.8377
1403 0.8391
1404 0.8392
1405 0.8398
1406 0.8402
1407 0.8402
1408 0.8403
1409 0.8403
1410 0.8405
1411 0.8405
1412 0.9656
1413 0.9656
1414 0.9658
1415 0.9659
1416 0.9659
1417 0.9659
1418 0.9659
1419 0.9659
1420 0.9659
1421 0.9659
1422 0.9659
1423 0.9659
1424 0.966
1425 0.966
1426 0.966
1427 0.966
1428 0.966
1429 0.966
1430 0.966
1431 0.966
1432 0.9661
1433 0.9661
1434 0.9678
1435 0.9679
1436 0.968
1437 0.968
1438 0.968
1439 0.968
1440 0.9708
1441 0.9708
1442 0.9708
1443 0.971
1444 0.971
1445 0.971
1446 0.971
1447 0.971
1448 0.9711
1449 0.9711
1450 0.9711
1451 0.9711
1452 0.9711
1453 0.9711
1454 0.9726
1455 0.9728
1456 0.9732
1457 0.9732
1458 0.9734
1459 0.9734
1460 0.9734
1461 0.9734
1462 0.9741
1463 0.9742
1464 0.9743
1465 0.9743
1466 0.9745
1467 0.9745
1468 0.9745
1469 0.9745
1470 0.9745
1471 0.9745
1472 0.975
1473 0.975
1474 0.9754
1475 0.9754
1476 0.9754
1477 0.9754
1478 0.9754
1479 0.9757
1480 0.9757
1481 0.9757
1482 0.9757
1483 0.9758
1484 0.9761
1485 0.9761
1486 0.9773
1487 0.9773
1488 0.9773
1489 0.9773
1490 0.9773
1491 0.9773
1492 0.9773
1493 0.9878
1494 0.9988
1495 0.9988
1496 0.9988
1497 0.9989
1498 1.0
1499 1.0
1500 1.0
